Sample	1	2	3	4	5	6	7	8	9	12	17	22	27	32	37	42	47	52	57	62	67	72	77	82	87	92	97	102	107	112	117	122	127	132	137	142	147	150
P_ROT16_1	36.4854958372	36.4434152918	36.5242037917	36.5548857102	36.5653444392	36.5432466831	36.5136895323	36.5263126038	36.5320166373	36.5436846604	36.5277959126	36.5020669885	36.4611112942	36.4288731277	36.4100047219	36.3770501582	36.3564596538	36.3241621809	36.2959524745	36.2599510518	36.2392937166	36.2005609863	36.1739264545	36.1430712627	36.0895116548	36.0659016031	36.0177510144	35.988909178	35.9553678063	35.8902647485	35.8231051047	35.7534843365	35.7045934816	35.6590034075	35.5326697855	35.4063890284	35.3691272514	35.3471126706
P_ROT16_2	36.3036083728	36.284818052	36.3791667446	36.3778933406	36.40727645	36.3615272907	36.378367246	36.4378203755	36.4239204757	36.4359559433	36.4225390374	36.3919324458	36.3485544982	36.3128319212	36.2845782996	36.2435313226	36.2022284246	36.1655248573	36.1252484197	36.0758867506	36.0125077627	35.981543972	35.9387611341	35.8935024468	35.8287520993	35.7529414623	35.7429859958	35.6415867415	35.5388806539	35.4820736577	35.4425265375	35.2629673413	35.2218087297	35.1716275526	35.0386493514	34.8841120388	34.8162754521	34.8051480912
P_ROT16_sortmerna_1	36.486807309	36.444293373	36.5248177392	36.5554315938	36.5658905478	36.5437897639	36.5140423106	36.5267412936	36.5324955946	36.5441773742	36.528579569	36.5027448595	36.4621890668	36.4303824258	36.4121350251	36.3797164305	36.3600595731	36.3280515705	36.3007854016	36.266498511	36.2461639625	36.2077242567	36.1819561612	36.1516092846	36.0999403318	36.0733140394	36.0251412342	35.9967343861	35.9633908221	35.8982630766	35.8313150121	35.7619325307	35.7133293126	35.6678835877	35.5414066243	35.4150412871	35.3779238013	35.356073857
P_ROT16_sortmerna_2	36.3076448421	36.2889709254	36.3839237209	36.3824850641	36.4121597967	36.3667285973	36.3837185181	36.4439427756	36.4299951417	36.4422436296	36.4291430981	36.3985868327	36.356020948	36.321136965	36.2937144747	36.2530295282	36.2123304572	36.176177965	36.1372368783	36.0901535776	36.028157379	35.9957477067	35.9539411748	35.910192293	35.8457798203	35.769766204	35.7576029111	35.6548221575	35.5512688588	35.4942822178	35.4547909715	35.2752142113	35.234179609	35.1840225464	35.0509150728	34.8961509707	34.8283829809	34.8176548859
P_ROT16_sortmerna_trimmomatic_1	36.5875797448	36.5497843439	36.62706863	36.6542042181	36.661393498	36.6344318884	36.6049066106	36.6167869933	36.6236007207	36.6328637599	36.6213275835	36.5994795124	36.5758156328	36.5524880305	36.5390874229	36.5100991901	36.4920928609	36.4621084239	36.444575535	36.4196148317	36.4078487735	36.3791131064	36.3636246017	36.3427506382	36.3010436325	36.284023733	36.2461037694	36.2280875934	36.2046855503	36.1505135434	36.093994903	36.0374911475	35.9995390845	35.9652784926	35.8546844967	35.7447003817	35.7312893687	36.2971174018
P_ROT16_sortmerna_trimmomatic_2	36.4254665025	36.4043298921	36.5009481365	36.497673785	36.5243018671	36.4737280612	36.4955222043	36.5583929501	36.5469568173	36.5524606293	36.5421893604	36.5148494095	36.4779667713	36.4466658346	36.4229669941	36.3859008744	36.3463660582	36.3122690327	36.2811692795	36.241619358	36.1874767442	36.1626785844	36.1295210882	36.0934275617	36.037370617	35.9709657912	35.9679492381	35.874609484	35.7809174005	35.7340797545	35.7061412928	35.5409666827	35.5164339723	35.479641924	35.366038501	35.2344715851	35.2060342816	36.0625261714
P_ROT17_1	36.4850107473	36.4494377234	36.530045363	36.560061128	36.572921767	36.5504152877	36.5239260441	36.5326514808	36.5371419062	36.5516444237	36.5343147369	36.5086311282	36.4677190838	36.4342123803	36.4150043289	36.3802178071	36.3571915387	36.3233351359	36.2949060867	36.2589604954	36.2351641285	36.1978726019	36.170785464	36.1375681087	36.0821548975	36.0589752968	36.0059211634	35.9791936358	35.9427803723	35.878515694	35.811236552	35.7365537552	35.6879505149	35.6444071187	35.5114351873	35.3837963893	35.346621038	35.3206163919
P_ROT17_2	36.29136808	36.2130536248	36.3155463945	36.3112269903	36.341787117	36.3182669922	36.3289217274	36.3514016127	36.3576364827	36.3671541036	36.3573276571	36.3261447001	36.2803497105	36.2403176058	36.2086329399	36.1655298769	36.1192614397	36.0802425614	36.0356978899	35.9823197196	35.9148385938	35.8785129647	35.8320781731	35.7841867202	35.7171676777	35.6327818566	35.6182519906	35.5125533085	35.399440781	35.3431563768	35.2992154959	35.1136209803	35.0662735817	35.0173381913	34.8769073491	34.7181440451	34.6461842772	34.6462732995
P_ROT17_sortmerna_1	36.4863297	36.4502712388	36.530774424	36.5605854475	36.5734387178	36.5508099997	36.5242882597	36.5332227442	36.5376818677	36.5521950269	36.5351033672	36.5093719637	36.4687998947	36.4357987575	36.4172313948	36.3832251469	36.3618026574	36.3281928824	36.3009307099	36.2655236292	36.242142737	36.2048725471	36.1767389639	36.1438408916	36.0889523418	36.065774698	36.0133108914	35.986759971	35.9507675198	35.8863330601	35.8193012815	35.7448197879	35.6964194109	35.6532024653	35.5201453703	35.392330987	35.3553570021	35.3292791893
P_ROT17_sortmerna_2	36.295876708	36.2176029204	36.320587702	36.316356089	36.3469969068	36.3240532029	36.3351599726	36.3583012466	36.3642924533	36.3744290647	36.36493075	36.3340239025	36.2895064672	36.2501148065	36.2190612315	36.1764461284	36.1310671562	36.0926036713	36.0483571087	35.9949264101	35.9280668787	35.8925753263	35.8465551946	35.7980128581	35.7302809587	35.6455439644	35.6310230713	35.5253715631	35.4117630965	35.3554938933	35.3114119005	35.1257510291	35.0786449565	35.0297745787	34.8890523282	34.7303335471	34.6584425397	34.6586973816
P_ROT17_sortmerna_trimmomatic_1	36.5907927466	36.5578590069	36.6359454706	36.6621618032	36.6712014095	36.6436104759	36.6168893662	36.6257345608	36.6307414672	36.6429119511	36.6296722225	36.6080213909	36.5838957797	36.5597449858	36.5461554137	36.5159590902	36.4971362407	36.4657130626	36.4483297202	36.4225605263	36.4084895792	36.3811665225	36.3641731621	36.3413382534	36.2973191364	36.2843626433	36.2427960887	36.2274182804	36.2027166573	36.1497446683	36.0937349366	36.0327966773	35.9965144318	35.9648220075	35.8488105704	35.7385036389	35.726361302	36.2939237548
P_ROT17_sortmerna_trimmomatic_2	36.4173975902	36.3392195352	36.4437604395	36.4390432953	36.4678177869	36.4396988367	36.4627684536	36.4840707893	36.4905588765	36.4967325362	36.4894528976	36.4627822021	36.4237266328	36.3892655554	36.3625336071	36.3227697875	36.2789021628	36.2428025074	36.2073061737	36.1618323284	36.1039417114	36.0764948875	36.0402048855	36.0002408431	35.9417047044	35.8674090175	35.8626484293	35.7676232675	35.6645001312	35.6188931201	35.5871133872	35.4160416353	35.3861354094	35.3506503747	35.2293183436	35.0935730724	35.0623888039	36.0119375284
P_ROT18_1	36.4190035356	36.4070037049	36.4967568518	36.5304714609	36.5440055187	36.523309501	36.4922109737	36.5011409828	36.5095427608	36.5272207815	36.5136727737	36.487949238	36.446175401	36.4142408125	36.3960153406	36.3602133548	36.3387561866	36.3063692441	36.2769244852	36.243478938	36.2221765053	36.1819900877	36.1572236682	36.129694783	36.0770962618	36.0422645216	35.9997421437	35.9631669994	35.9376928223	35.8653608064	35.7967718959	35.7342383452	35.6773709401	35.625573678	35.510571487	35.3809087343	35.3384829579	35.3200749325
P_ROT18_2	36.3431990261	36.2703415235	36.355376651	36.3504808375	36.3788349065	36.36302677	36.3565858338	36.4127243922	36.4183909663	36.4194961441	36.4063999705	36.3793458596	36.3341564414	36.2979956669	36.2701772143	36.2243303496	36.1849721337	36.1412445574	36.1022852843	36.0554244275	35.9894403021	35.9538645526	35.9118851307	35.8651266651	35.797153661	35.7249576987	35.7144639761	35.6000545327	35.4921441231	35.4327426676	35.3918046821	35.2022363408	35.1637392232	35.1156584794	34.9779779477	34.8216094513	34.7588845485	34.7298042678
P_ROT18_sortmerna_1	36.4201977891	36.4076805745	36.4972444744	36.5308767383	36.5443676252	36.5236283961	36.4924135618	36.5015807489	36.5099839043	36.5276882369	36.5144161876	36.4886052071	36.4471847672	36.4157123889	36.3980610906	36.3629479416	36.3429972236	36.3114839177	36.2829630662	36.2499351803	36.2290005191	36.1891087576	36.1633509674	36.1362176907	36.0840688561	36.0493221376	36.0070596382	35.9708986074	35.9456365015	35.8734317065	35.8050153853	35.7427529611	35.6860889599	35.634481134	35.5195345942	35.3899592981	35.347732054	35.3293764128
P_ROT18_sortmerna_2	36.3473783359	36.2748789426	36.3601832097	36.3556037466	36.3840453863	36.3688670486	36.362651581	36.4193617049	36.4249952455	36.426590772	36.4137729471	36.3870261287	36.3428768547	36.3073474993	36.280345762	36.2349217739	36.1964051042	36.1532618297	36.1146468657	36.0680543516	36.0027662371	35.967790511	35.9264470617	35.8793177704	35.8109700688	35.738585014	35.7281560181	35.6136929918	35.5055240116	35.4459993248	35.4051598482	35.2155060985	35.1773194934	35.1293255447	34.9916367442	34.8353592748	34.7727535412	34.7440824717
P_ROT18_sortmerna_trimmomatic_1	36.5261797167	36.517366722	36.6036368346	36.633534147	36.6438395555	36.6176719194	36.5868426645	36.5953277446	36.6043325986	36.6199419018	36.6101733563	36.5879887117	36.5638378285	36.5412044065	36.5281794473	36.496684575	36.4784097904	36.4489265306	36.4295541264	36.4058174388	36.3938396011	36.3633438992	36.3476407912	36.3301807076	36.2878347927	36.2621099093	36.2298637038	36.2043018197	36.1889106401	36.1277838387	36.070337546	36.0210073484	35.9766961268	35.9375989999	35.8396250039	35.728030435	35.712714505	36.2925811675
P_ROT18_sortmerna_trimmomatic_2	36.4647927455	36.3896534271	36.4769493627	36.4721133741	36.4982556101	36.4783056736	36.4811837061	36.5328843559	36.5424594504	36.5439004539	36.532547873	36.5093043995	36.4707578924	36.4387103261	36.41606622	36.374030771	36.3365531671	36.2958502358	36.2649754645	36.2256939528	36.1691788817	36.1411886091	36.10862385	36.0695429357	36.0098230928	35.9465206879	35.9456880528	35.840918313	35.7426188853	35.6927214649	35.663453138	35.4874975522	35.4654971035	35.4300642433	35.3098059263	35.174790205	35.1490795945	36.0362543421
P_ROT19_1	36.4875166915	36.456113015	36.5348911839	36.5636861833	36.5730873441	36.5504946885	36.5232867515	36.5319207489	36.5398157633	36.5519945746	36.5360490294	36.5114148698	36.4710029083	36.4392033818	36.4199542006	36.3861184023	36.3647838398	36.3333935284	36.3034195986	36.2700119065	36.2485371387	36.2089973708	36.1830634438	36.1534852723	36.100020883	36.0693785595	36.0236902203	35.9899591584	35.9594957677	35.8911634421	35.8239870527	35.7565581029	35.7041929031	35.6550348094	35.5347880265	35.4084047892	35.369855463	35.3488238096
P_ROT19_2	36.2557727276	36.2455326667	36.3349819126	36.3277542363	36.3581905938	36.3362885919	36.3318421645	36.3787652628	36.3512076388	36.3829858784	36.3668903519	36.336395467	36.2901875496	36.2509473494	36.2193097006	36.1727619731	36.126504983	36.0861558724	36.0405012673	35.9896498237	35.9194313728	35.8818914622	35.8346848966	35.7858171822	35.7128871078	35.6319783125	35.6184733708	35.5012601952	35.3870609372	35.3255981925	35.2812634116	35.0849079133	35.0438134493	34.9912157919	34.8464006652	34.6838410076	34.615331741	34.5972251583
P_ROT19_sortmerna_1	36.4887265084	36.4568419443	36.5353894708	36.5640946589	36.573561519	36.5509773546	36.5237019065	36.5324257452	36.5403436549	36.5524935395	36.5366958527	36.5120761044	36.4721172576	36.4407487671	36.4220057744	36.3888432247	36.3684528832	36.3371129275	36.3081233803	36.2754055071	36.2544384662	36.2150108148	36.1887031651	36.1594145156	36.1065481675	36.0760916253	36.0308603612	35.9975475445	35.9674052171	35.8992433348	35.8322083305	35.7650866597	35.7129044529	35.6639718089	35.5437661628	35.4173942567	35.3788674501	35.3579610721
P_ROT19_sortmerna_2	36.2599663107	36.2501961822	36.339869723	36.3328585701	36.3633803663	36.3420161574	36.3376843062	36.3852360122	36.357671891	36.389730832	36.3740244582	36.3436867846	36.2983021682	36.2597507897	36.2287707377	36.1826334097	36.1370058829	36.0973017613	36.052170318	36.0014572124	35.9316768672	35.8946842679	35.8481058289	35.7991551532	35.725978895	35.6448482203	35.6315362719	35.5141595849	35.3997556209	35.338300838	35.2939524147	35.0975322101	35.0565535114	35.0040593715	34.8590909708	34.6964145234	34.6280308386	34.6101862796
P_ROT19_sortmerna_trimmomatic_1	36.5884076214	36.5597019649	36.6353907116	36.6603929762	36.6664895236	36.6400257327	36.6117048118	36.6203634708	36.6288719412	36.6390721953	36.6269616396	36.606316224	36.5824897875	36.5595828768	36.5460588245	36.5166900208	36.497972918	36.4691730324	36.4493757959	36.4260960507	36.4136739706	36.3838515743	36.3682941704	36.3483665396	36.3058296075	36.2852388525	36.2503182441	36.2276252136	36.2077281625	36.1509178243	36.09431585	36.0404334351	35.9992655405	35.9611656383	35.8557409702	35.745056265	35.7284855925	36.2961888804
P_ROT19_sortmerna_trimmomatic_2	36.3794173984	36.3674991148	36.4595908818	36.4512644858	36.4799215955	36.4557097243	36.454882466	36.5064276135	36.4790318105	36.5060737965	36.492884717	36.4666546114	36.4268032258	36.392859285	36.3660698093	36.3234807489	36.279950015	36.2423116518	36.2056312998	36.1629448437	36.1019214859	36.0733831471	36.0360113533	35.9953906393	35.9318254212	35.8607667634	35.8574592016	35.7499686477	35.6462632019	35.5960096762	35.5636940361	35.3819238997	35.3574733218	35.3177553285	35.1920529891	35.0512898778	35.0219664802	35.9843829621
P_ROT20_1	36.4615877816	36.4299655489	36.5138446933	36.5475391143	36.5579440551	36.5362241247	36.5082690244	36.5144933488	36.5215234116	36.5347689108	36.5192183809	36.4921286513	36.4489098527	36.4153124765	36.395656878	36.3626806381	36.3397569321	36.307227481	36.2778437778	36.2426419171	36.2202420292	36.1813377488	36.1546895529	36.1199096071	36.0671930507	36.0418753106	35.9906061471	35.9630017783	35.927387411	35.8612603898	35.7947124941	35.7181489568	35.6729050461	35.6271247348	35.4953829596	35.3672357227	35.3327000731	35.3097631056
P_ROT20_2	36.3232132401	36.2196828267	36.3186508723	36.3145926421	36.347003375	36.3302251831	36.3174247622	36.381258718	36.3477084622	36.3826228653	36.3650064515	36.3361148677	36.2902378731	36.2522310325	36.2230689823	36.1773845255	36.1344387679	36.0934924195	36.0523487542	35.9973923986	35.9337631663	35.8944856961	35.8498676303	35.8014879707	35.7348195935	35.6528492325	35.6372863935	35.5324063903	35.4199314435	35.3653885027	35.3205171204	35.1381781416	35.0907695476	35.0461651135	34.9095104505	34.7531170493	34.6867581115	34.6874984597
P_ROT20_sortmerna_1	36.4628898855	36.4307019953	36.5144043645	36.5479657314	36.5584022447	36.5366629907	36.5086959769	36.514997273	36.5220560906	36.535305891	36.5199796141	36.4928800354	36.4500450676	36.4169509581	36.3978727142	36.3654595969	36.3434576461	36.3109716586	36.2824658405	36.247982801	36.2261256225	36.1874727203	36.1603542957	36.1259081221	36.0736314058	36.0485133902	35.9976706049	35.9704674981	35.9351144657	35.868927348	35.8025594536	35.7263577503	35.6812073753	35.6356609789	35.5039467938	35.3759589181	35.3415196807	35.3186568046
P_ROT20_sortmerna_2	36.3278066106	36.224405797	36.3235213011	36.3197805865	36.3524326079	36.3361749602	36.3236572722	36.3882251972	36.3544578311	36.389672077	36.3725605913	36.3440551284	36.2989348429	36.2616422643	36.2331587379	36.1878666901	36.1456616299	36.1052405085	36.0644621411	36.0096558209	35.946491684	35.9077048001	35.8635663395	35.8149605937	35.7478069179	35.6657021157	35.6502185795	35.5452306788	35.4323805766	35.3777499352	35.3328054263	35.1503829882	35.1031360563	35.0585489265	34.9218070175	34.7653283329	34.6990428471	34.7000439708
P_ROT20_sortmerna_trimmomatic_1	36.5732083437	36.5443129783	36.6250171155	36.6538397	36.6611113613	36.6348214983	36.6067562215	36.6129081407	36.6198689208	36.6313680519	36.619852251	36.5971505343	36.5726584341	36.5489309564	36.5349776833	36.5062996222	36.486781897	36.4564458067	36.4382796042	36.41363274	36.400974208	36.3728178929	36.3565183377	36.3324870722	36.2910748061	36.2763734183	36.236489275	36.2202530757	36.1956564994	36.1419778709	36.0865400895	36.0235764079	35.9898101878	35.9561345787	35.8398486391	35.7274277648	35.7153232259	36.2896015072
P_ROT20_sortmerna_trimmomatic_2	36.4508226452	36.34591324	36.4472334513	36.4436036857	36.4753387025	36.4559320601	36.4478876067	36.5164166507	36.4833977671	36.5140153759	36.4994738177	36.4755273632	36.4358105839	36.4030478948	36.3785110508	36.3369150163	36.2961819321	36.2587098736	36.2265156654	36.1796948495	36.1255193941	36.095018126	36.0605130622	36.0205242239	35.9622779627	35.8900836359	35.8845219359	35.7899843309	35.6876447139	35.643291259	35.609722558	35.4411649401	35.4092534183	35.3760316011	35.2553118693	35.1179890013	35.0866799375	36.0206371971
P_STA11_1	36.4704271053	36.4165806242	36.5082522492	36.542330494	36.5499539099	36.5266898843	36.4986711716	36.5027086272	36.5113115634	36.5235685978	36.5014729937	36.4718394367	36.4267172852	36.3870278715	36.365481104	36.3321405577	36.3062031164	36.2668150639	36.2342073209	36.1924766242	36.1655674436	36.1316742784	36.0935782374	36.0491696534	35.9875545668	35.9924567777	35.9155582886	35.9096227699	35.8509599447	35.7999414652	35.7279551251	35.6148122773	35.5953660958	35.5632550469	35.3848442553	35.2532741734	35.2205861481	35.1724176344
P_STA11_2	36.2921406227	36.1863360809	36.3051901082	36.3047924889	36.3363966694	36.313691842	36.3065223838	36.3529473121	36.3298186169	36.3650028282	36.3459116182	36.3130998355	36.2648611942	36.22515808	36.191378419	36.1449800939	36.100440661	36.064831262	36.0186325542	35.9507381564	35.8914439764	35.8487292583	35.7986473559	35.7485734314	35.6857332894	35.5812319775	35.5515270815	35.4824708515	35.3629998988	35.3242161843	35.2632352497	35.1050307847	35.0308739675	34.9855297915	34.8488296727	34.689699534	34.6002654505	34.6649325037
P_STA11_sortmerna_1	36.471936247	36.4174878215	36.5090220272	36.5428854424	36.5504916022	36.5272198746	36.4990429335	36.5033212745	36.5119375003	36.5241310844	36.5022999045	36.4726613944	36.4279911302	36.3888476967	36.3680250261	36.3356421388	36.3115006429	36.2717568714	36.2412386078	36.2012685989	36.1749468616	36.1408615819	36.102694858	36.0588688093	35.999025224	36.0011238292	35.9239526607	35.9185497766	35.8601309531	35.8093247148	35.7376234112	35.6247865242	35.6054843121	35.5737339296	35.3952348561	35.2635946274	35.2308343276	35.1824824908
P_STA11_sortmerna_2	36.2970536195	36.1913296045	36.3105406513	36.3103147214	36.3422486838	36.3200674389	36.3131195349	36.3603485142	36.3370988987	36.3730305571	36.3544952278	36.3220991526	36.2755581466	36.2366307968	36.2033945319	36.1574634129	36.1135726641	36.0797480492	36.0362474348	35.9675382132	35.9092000642	35.8657538971	35.816181751	35.7673676924	35.7052429037	35.6003780869	35.5691344181	35.4984208899	35.3780174961	35.3388635421	35.277614957	35.1191775515	35.0450931206	34.9997273769	34.8627982553	34.7035124994	34.6141593184	34.6789279983
P_STA11_sortmerna_trimmomatic_1	36.5816115704	36.5333854349	36.6210801655	36.6510882871	36.6571689754	36.6280778237	36.5997724699	36.604892464	36.6131141395	36.6228028332	36.6055908856	36.5808641715	36.5550077998	36.52562261	36.510700425	36.4838811961	36.4618307574	36.4256487143	36.4065396813	36.3785534127	36.3631736606	36.3407823395	36.3164206493	36.2834961033	36.2370869507	36.2508712996	36.1872411579	36.1949403932	36.1491116516	36.1123608959	36.0534354227	35.9572131954	35.9520552838	35.933820192	35.7735087571	35.6609044542	35.6572862101	36.2519139002
P_STA11_sortmerna_trimmomatic_2	36.4242319056	36.3194929653	36.4383544289	36.4388589298	36.4681649938	36.4442096985	36.439605278	36.4848125967	36.4684766761	36.5025304871	36.4871975943	36.4575509767	36.4174217099	36.3834412565	36.3549539815	36.314027865	36.2718020663	36.2402837979	36.2071759985	36.1473046401	36.0990615644	36.0650443899	36.025871857	35.986861142	35.9362198816	35.8434320944	35.823345996	35.7644835821	35.6562004057	35.6315694372	35.5828957439	35.441271279	35.3865977621	35.3562244748	35.2401747703	35.1058380681	35.0602116203	36.0345695533
P_STA12_1	36.4755931977	36.4367380452	36.521356075	36.5542831876	36.5639685878	36.5415229002	36.512493365	36.5235129746	36.5279205053	36.5414105834	36.5257465148	36.499095014	36.4578573709	36.424205747	36.404593401	36.3720650972	36.349349418	36.3169539222	36.2867486308	36.2512618639	36.2276196426	36.1897521926	36.1634512701	36.1296157266	36.0763070161	36.0573449926	36.0066709576	35.9820183683	35.9469415684	35.8831452856	35.8181468766	35.7396743797	35.6981211901	35.6559142867	35.521242076	35.3980265369	35.3611448475	35.3366692521
P_STA12_2	36.2061678138	36.0993953576	36.2245649245	36.2192271473	36.251706317	36.2307740249	36.2182364562	36.2804553287	36.266460156	36.2797448658	36.2672261419	36.2338931426	36.18110481	36.1395373035	36.1055909464	36.0529182056	36.0055509751	35.9607017993	35.913544599	35.8512380261	35.7788788668	35.7392889037	35.689331613	35.6344987245	35.5614006116	35.4703398013	35.4549203474	35.3459486403	35.2237895162	35.1654621006	35.1165257905	34.9231541729	34.87102648	34.8232300708	34.6770186601	34.5107568481	34.4390877678	34.450711474
P_STA12_sortmerna_1	36.4769486349	36.4378078249	36.5220857917	36.554949879	36.5645144967	36.5420199419	36.5129077096	36.5241839929	36.5285305597	36.5419936564	36.5265359781	36.4998676311	36.4589994636	36.4258731159	36.4068961165	36.3751347594	36.3543584911	36.32232873	36.2936827005	36.2597786243	36.2383303372	36.2003756539	36.1733440391	36.1398398395	36.087627603	36.0651286073	36.0140267308	35.9896253509	35.9547691143	35.8911100901	35.8261789664	35.7478998238	35.7065433836	35.6646432984	35.5299581923	35.4067152888	35.3697904425	35.3452202877
P_STA12_sortmerna_2	36.2113493296	36.1044425881	36.230326419	36.2252168701	36.2578721506	36.2372687919	36.224996533	36.2881158396	36.2741079087	36.2876609148	36.2756901555	36.242644547	36.1912261003	36.1504944589	36.1173073248	36.065125968	36.0188304653	35.975488884	35.929139342	35.8681907245	35.7966709381	35.7561332041	35.7075711306	35.653748299	35.5801660374	35.4884130604	35.4697889426	35.3601470493	35.2373037072	35.1788132707	35.1297769322	34.9363517134	34.8842781199	34.8363534024	34.6900480044	34.5236128102	34.4520709181	34.4639865841
P_STA12_sortmerna_trimmomatic_1	36.590160491	36.5539399794	36.6347719728	36.6632648674	36.6699099651	36.6422486405	36.6128318363	36.6234599447	36.6282307339	36.6394088695	36.6281662733	36.6055279464	36.5821087338	36.5582531743	36.5441385069	36.5163094039	36.4974118406	36.4679015881	36.4487668974	36.4246436209	36.4117064251	36.3834724954	36.3670569104	36.3429307151	36.3012589772	36.2887177291	36.2480296127	36.2336497707	36.2094433954	36.1575537013	36.1026283537	36.0381516068	36.0081080479	35.9780232891	35.8591535416	35.7517578833	35.7377888809	36.2968276832
P_STA12_sortmerna_trimmomatic_2	36.3489473325	36.2409658001	36.3703028377	36.3642368682	36.3957225005	36.3732349017	36.3642740839	36.4293740574	36.4207553627	36.429081462	36.4206757733	36.3909202412	36.3457995668	36.309159031	36.2802646921	36.232230832	36.1871530162	36.1457510217	36.1090312383	36.057338785	35.9955301235	35.9644305374	35.9261893006	35.8820256467	35.8186821386	35.7378451953	35.7300270166	35.6316158752	35.5203043374	35.4738476517	35.4378413102	35.2593128453	35.2254118449	35.1910043357	35.063609854	34.9188487523	34.8884788106	35.945311088
P_STA13_1	36.4631554583	36.4373426945	36.5225493053	36.5544472955	36.5658306965	36.5434747597	36.5143953495	36.5247829862	36.5268590548	36.541985737	36.5299323923	36.5032137986	36.4646707008	36.4333481053	36.4147885957	36.3830368142	36.3602004171	36.330985587	36.3004278787	36.2683293228	36.2451703159	36.2066342271	36.1811646874	36.1505846216	36.1014410923	36.0700067554	36.0297799681	35.9933211314	35.9692038642	35.8957310159	35.8335341024	35.7637786825	35.7145194394	35.6629541953	35.5463761091	35.416570302	35.3769258634	35.358179843
P_STA13_2	36.301887278	36.1760519871	36.2882465268	36.2852284086	36.3117350148	36.2908298353	36.2834257302	36.336562381	36.3498481836	36.3608697278	36.3482455846	36.3187993911	36.2735759935	36.2351367747	36.2061050519	36.1588422914	36.1163689519	36.0740967835	36.0292654715	35.9788083754	35.9112776641	35.8755079726	35.8305047733	35.7807781521	35.7112995078	35.6328855987	35.6248754022	35.5102095339	35.3965552829	35.3381140908	35.2971790026	35.1044611554	35.0654513217	35.0200556331	34.8782694067	34.7224212614	34.6589633033	34.6390969884
P_STA13_sortmerna_1	36.4645045541	36.43805974	36.5232041709	36.5548857916	36.5663392718	36.5440256706	36.5148011967	36.5253014053	36.527474316	36.542546636	36.5305921873	36.5038927334	36.465730999	36.4348432449	36.4168340117	36.38568942	36.3638432848	36.335301301	36.3055070619	36.2744160207	36.2531447481	36.2149088519	36.1893012232	36.1590311887	36.1104771686	36.077317963	36.0368668161	36.0007196679	35.9767574785	35.9033164118	35.8413081402	35.7717970956	35.7227163152	35.6714121948	35.5547670644	35.4250183973	35.3854723367	35.3666748145
P_STA13_sortmerna_2	36.306211927	36.1802438225	36.2927403977	36.2899603224	36.3166160973	36.2960154393	36.2887778519	36.3424403568	36.3554910725	36.3667979558	36.3544349938	36.325158059	36.280796818	36.2429864449	36.2146389291	36.1676887287	36.1258855485	36.0843688854	36.0413025349	35.9915034071	35.9244692342	35.8879538994	35.8439007102	35.7949010451	35.7257110083	35.647027188	35.6372058033	35.5221811423	35.4080458782	35.3495532977	35.3086521563	35.1159124881	35.0769427491	35.0314632539	34.8897091086	34.7336378176	34.6703431418	34.6506470621
P_STA13_sortmerna_trimmomatic_1	36.5699937743	36.5462592825	36.6274915248	36.6552748707	36.6639857316	36.6362007611	36.6078457382	36.6171621066	36.6202717359	36.6332617845	36.6249919712	36.6019194475	36.5800506759	36.5573549602	36.543760159	36.5161527219	36.4958854585	36.4688896247	36.4483781722	36.4260703551	36.4132642865	36.3839127329	36.3686794761	36.3472968644	36.3083797479	36.2846039917	36.2537719983	36.2275643726	36.2133478031	36.1510512562	36.0989576899	36.0424862224	36.0041252292	35.9633813529	35.8622283838	35.7484047302	35.7338270454	36.3009537177
P_STA13_sortmerna_trimmomatic_2	36.4268258774	36.2986712903	36.413610885	36.4111983158	36.4359292288	36.4105763231	36.4140415064	36.466084146	36.4800880853	36.489407445	36.4791498162	36.4538972932	36.4142445273	36.3804923065	36.3560332603	36.3119978085	36.2719193333	36.2321193625	36.1975280766	36.1551426094	36.0968267389	36.0681174518	36.0332085678	35.9924570071	35.9319079394	35.862513354	35.8624836524	35.7567525353	35.6527362455	35.6037861739	35.574188765	35.3946816623	35.3712783565	35.3372121531	35.2128919329	35.0762476167	35.0500525239	35.9998347629
P_STA14_1	36.4685643396	36.4384195942	36.5203904233	36.5534340964	36.5626190704	36.5383425491	36.5110819	36.5202797187	36.5278620165	36.539437869	36.5231729356	36.4971783761	36.4545336347	36.4218177878	36.4023427801	36.3675412411	36.3457235826	36.3127321292	36.2829252732	36.2468836573	36.2256139591	36.1861705318	36.1603432768	36.1284924509	36.073782585	36.0477275723	35.999670492	35.9698849822	35.9354306843	35.8699541172	35.8004264716	35.7304270838	35.6795261971	35.6348084234	35.5085682669	35.38159989	35.3461287727	35.325403551
P_STA14_2	36.1690155904	36.1646094901	36.2661332268	36.2681580221	36.3037062261	36.2790365554	36.2489604691	36.3251401885	36.3155520389	36.32110822	36.311552829	36.2783380997	36.2265568153	36.1859003959	36.1534276926	36.1047771133	36.0585191868	36.0131405582	35.9688043182	35.9119498318	35.8418606882	35.8020227901	35.7549969448	35.7009256174	35.6300307326	35.5447564325	35.532066298	35.4152826468	35.2971706878	35.2368080931	35.1895467001	34.9938376139	34.9475683397	34.8998630746	34.753308625	34.5896391079	34.5216365898	34.5138052989
P_STA14_sortmerna_1	36.4700991719	36.4393053881	36.5210741374	36.5540887957	36.5631693737	36.5388071697	36.511391525	36.520759721	36.5284871637	36.5400220696	36.5239243379	36.4979182634	36.4557124929	36.4234621206	36.4046162179	36.3706325726	36.3503306491	36.3171667104	36.2891022643	36.2542805162	36.2338531239	36.1945091758	36.167443288	36.1359823346	36.0826310637	36.0551516052	36.0072958389	35.9779221957	35.9438112671	35.878377425	35.8090451538	35.7394583904	35.6886550652	35.6441137732	35.5178011822	35.3907911152	35.3553352025	35.3345826557
P_STA14_sortmerna_2	36.1744111531	36.170186211	36.2722926989	36.2746747827	36.3104721523	36.286364673	36.2564235077	36.333722407	36.3239138512	36.3303381452	36.3211495267	36.2881861948	36.2381833429	36.198295284	36.1669190435	36.1183049464	36.0725344804	36.0277883291	35.9836292499	35.927869748	35.8587663523	35.8190070284	35.7731209476	35.7192333356	35.6476868524	35.5616899787	35.5476387175	35.4300657595	35.3114081903	35.2509350656	35.2036390239	35.0077492909	34.9615764761	34.9140187215	34.7671073119	34.60345739	34.5355788506	34.5280389876
P_STA14_sortmerna_trimmomatic_1	36.580664488	36.5530241104	36.6314437221	36.6599233721	36.666081975	36.6366692911	36.609534956	36.6179820846	36.6261487966	36.6356766819	36.6239319812	36.6019832989	36.5767862211	36.5537811678	36.5401015731	36.5102976275	36.4916007554	36.4606344664	36.4423564107	36.4170582639	36.4052778	36.3759010886	36.3591058303	36.3373426772	36.2947680062	36.2768941315	36.2392414336	36.2208969209	36.1976990426	36.1426476785	36.0844770599	36.0276183392	35.9879560975	35.9546684299	35.8433220419	35.7314071842	35.718458777	36.2908508375
P_STA14_sortmerna_trimmomatic_2	36.3124954301	36.3064492542	36.4117326718	36.4130117169	36.4459383867	36.4176816134	36.3963895323	36.4670509027	36.4578046302	36.4672347507	36.4598079064	36.4297113899	36.3853733361	36.3499539295	36.3228333982	36.2775342495	36.2337040421	36.1908786662	36.155961207	36.1080179502	36.0487300133	36.0171703379	35.9811732909	35.9365112864	35.8748428854	35.7991162392	35.7954828107	35.6887184681	35.5813572293	35.5322143456	35.4973209482	35.3160869303	35.287045092	35.2520589317	35.1227630429	34.9803448968	34.9516534452	35.9601054761
P_STA15_1	36.4827193602	36.434868208	36.5224898676	36.5534136452	36.5647534511	36.5415812457	36.5138445811	36.5215683847	36.5288097486	36.539764936	36.5221399752	36.4955544733	36.4540180458	36.4206472727	36.4013918263	36.3686541847	36.3465866374	36.313847901	36.2842484399	36.2484822529	36.2269943484	36.1897525792	36.161088366	36.1268507466	36.0706508442	36.0547552497	36.0004400585	35.9779908151	35.9397778446	35.8792474982	35.8129095628	35.7315003567	35.6925096993	35.6517562563	35.5146891597	35.3910258881	35.3571643934	35.3320323471
P_STA15_2	36.2293013356	36.20628391	36.3125239995	36.31204465	36.3453517982	36.323145885	36.3343188589	36.3636170954	36.3396943889	36.3662737808	36.3581275511	36.3252779878	36.2794739464	36.2385245962	36.2071642565	36.1623143934	36.1162535306	36.0759503793	36.0322723485	35.9720747213	35.9063788351	35.8682300634	35.8202137568	35.7689741366	35.7007935003	35.6141131722	35.5954124873	35.497466591	35.3806489927	35.3292819815	35.2800633458	35.0982334353	35.0458490273	34.9975518214	34.8581178211	34.6987578413	34.6248814319	34.6404736209
P_STA15_sortmerna_1	36.4839507789	36.4357007745	36.5231674336	36.5538087836	36.5652431457	36.541922245	36.514193568	36.5221193497	36.5292318272	36.5402570831	36.5227697174	36.4962079502	36.4550433042	36.4220981346	36.4034572676	36.3715110209	36.3503869219	36.3175746889	36.2891872595	36.2549445731	36.2336272888	36.1965881056	36.1680434214	36.1343892003	36.0801795973	36.0618792831	36.007613486	35.985595357	35.9476503982	35.8870966311	35.8209840581	35.7398235698	35.7011258755	35.6605714967	35.5234921418	35.3996239524	35.3658384751	35.3407264557
P_STA15_sortmerna_2	36.2339628713	36.2113989473	36.317938822	36.3178037603	36.3512658453	36.3294535631	36.3411797437	36.3710910582	36.3469894406	36.3739756786	36.366194677	36.3334265902	36.2887834793	36.2487561522	36.2183847566	36.1739676851	36.1284111519	36.0885424045	36.0456725849	35.9871606853	35.9228504255	35.8840519818	35.8369386916	35.7866872493	35.7186602771	35.6315345798	35.6110370994	35.5121478505	35.3946180547	35.3430252339	35.2936050832	35.1118018739	35.0595490469	35.011232223	34.8717218558	34.7121935171	34.638377423	34.6542696827
P_STA15_sortmerna_trimmomatic_1	36.5892883767	36.5451996502	36.6294201284	36.6560052174	36.6648408668	36.6364668828	36.6085211979	36.6158431954	36.6232030191	36.6325653161	36.6190899566	36.5963630516	36.5722201612	36.5481122682	36.534233904	36.5063076253	36.4872012941	36.4567402431	36.4377676862	36.4132313189	36.4005169781	36.3735684526	36.3557318666	36.331629442	36.2884220225	36.2792674627	36.2358989055	36.2244844277	36.1972511805	36.1479316086	36.0924765241	36.0243728583	35.9965839804	35.9671069328	35.845216721	35.7363559161	35.7248560002	36.2918989294
P_STA15_sortmerna_trimmomatic_2	36.36094282	36.3366981256	36.4451082404	36.4444476849	36.4751875882	36.450968096	36.4684814089	36.5005713111	36.4761008106	36.4972540206	36.4922735327	36.464408974	36.4258490836	36.3904785192	36.3640964668	36.3229324296	36.2797739174	36.2422404606	36.2086221232	36.1587041781	36.1038458074	36.0733302178	36.0357216447	35.9944614833	35.9365450654	35.859775272	35.849591423	35.7611646681	35.6545484474	35.6143696209	35.5772146677	35.4098379659	35.3742012014	35.3386323631	35.2166758949	35.0785879199	35.0424555191	36.0070633796
X_ROT10_1	36.4648182204	36.4260249742	36.5091041928	36.5415809566	36.5494153694	36.5279007033	36.4986385291	36.5052271593	36.5131387716	36.5240133795	36.5056697221	36.4795791683	36.4352301423	36.4001536278	36.3802904267	36.3465122365	36.3229437375	36.2895837714	36.2589942102	36.2202138513	36.1996939942	36.1601283549	36.132180716	36.0968723373	36.0406507123	36.0259493259	35.970297922	35.947386212	35.9058236512	35.8454807377	35.7770455334	35.6945082709	35.6535393214	35.6161005397	35.4749949667	35.3468648544	35.3152101271	35.2857698713
X_ROT10_2	36.3083468938	36.2055784079	36.3111875404	36.3057999773	36.3316612108	36.2787238057	36.2839650355	36.3440060292	36.3507409927	36.3651396882	36.3426231046	36.3101972694	36.2632199085	36.2232064062	36.1896468649	36.1427240932	36.0959215877	36.0609557848	36.0142346091	35.9542260551	35.8869177675	35.8513477439	35.8001003061	35.7487289947	35.6829496813	35.5930634494	35.578427678	35.4792302375	35.3662850229	35.3105621453	35.2635547467	35.0824525914	35.030692615	34.983056657	34.8465840869	34.6835273918	34.6129698945	34.6329507382
X_ROT10_sortmerna_1	36.4660591263	36.4269831024	36.5097893994	36.5422160309	36.5499766808	36.5284878358	36.4990523136	36.5057830121	36.51370507	36.5245551101	36.5063908498	36.4804746545	36.4365428155	36.4019978818	36.3827889253	36.3497208276	36.3277929654	36.2944218007	36.265152539	36.2287330876	36.20894077	36.1694835663	36.1421582737	36.1075258791	36.053738075	36.0343306121	35.9782895011	35.9556080836	35.9143689611	35.8539766055	35.7855351887	35.703287571	35.6624542386	35.6253088393	35.4840819774	35.3558193189	35.3242359425	35.2946620707
X_ROT10_sortmerna_2	36.3129063436	36.2103684031	36.3165767134	36.3110824203	36.3370210228	36.2845012635	36.2898711667	36.3506140795	36.3572918376	36.3719956433	36.3499261578	36.3179798967	36.2725028764	36.2333050672	36.200939306	36.1545527637	36.1082491955	36.073365934	36.0278326104	35.9713903389	35.9060251731	35.8681600612	35.8181988165	35.7688505474	35.7036905691	35.6132860203	35.5951158282	35.4937762313	35.3798193399	35.3237239684	35.2767105798	35.0955809409	35.0436836035	34.9962538368	34.8594335415	34.6961658362	34.625669048	34.6460828331
X_ROT10_sortmerna_trimmomatic_1	36.5761730133	36.5416125942	36.6207413131	36.6498709927	36.6550577942	36.6281987893	36.5986248764	36.6047410626	36.6133253092	36.6223275387	36.6084194845	36.5868109119	36.5610774397	36.5359458969	36.5220915718	36.4935100371	36.4740270602	36.4429392046	36.424304252	36.3978084187	36.3868224386	36.3582576823	36.342068633	36.318362643	36.2762351389	36.266980839	36.223120578	36.2120292543	36.1825083705	36.134688778	36.0771030945	36.0088690184	35.9808236027	35.9550222554	35.8289594188	35.7183222041	35.7092604321	36.2834311271
X_ROT10_sortmerna_trimmomatic_2	36.4370969503	36.3343718636	36.4428575282	36.4373703069	36.4615026272	36.4021169595	36.4189877577	36.47511379	36.4857875358	36.5012585302	36.4817340718	36.4525435786	36.4125980209	36.3778527963	36.350262051	36.307994768	36.2635476522	36.2305080416	36.1946731274	36.1469015236	36.0914854175	36.0625116613	36.0232180691	35.9828662166	35.927000955	35.8480782476	35.8410216275	35.7505629624	35.6476950964	35.6036971408	35.5693438024	35.4027447222	35.367469245	35.3322599989	35.2130279027	35.0713879611	35.0389955991	36.00855795
X_ROT6_1	36.485117997	36.4423329058	36.5262784883	36.5559394041	36.5663002506	36.5431096396	36.5150188994	36.5230580796	36.5288791483	36.5424629203	36.527352577	36.5005713149	36.4593368401	36.4265239174	36.4082329248	36.3744791134	36.3522171411	36.320210514	36.2883476095	36.2550000664	36.235281525	36.1962482309	36.1710231575	36.1404994972	36.0865757114	36.0613221071	36.014624909	35.9836837519	35.9515582459	35.8875426048	35.8203770093	35.7503139005	35.7022190961	35.6588879518	35.5336848896	35.4070257847	35.3734809028	35.3500933895
X_ROT6_2	36.341765696	36.2751834797	36.3635989987	36.3615248419	36.3909966197	36.343075592	36.3740658609	36.4200440093	36.3933456373	36.4240498726	36.4126012386	36.3829018543	36.3386431394	36.2999127541	36.271576557	36.2275665775	36.1852259817	36.1464238975	36.102496093	36.0517750512	35.9895569043	35.9569082851	35.9098097874	35.8628196459	35.7979193792	35.7214172733	35.7086010313	35.6070140362	35.4983328917	35.4424402497	35.3986274047	35.2204306162	35.1739318808	35.1282662629	34.9904202431	34.8326694137	34.7645663751	34.7561495874
X_ROT6_sortmerna_1	36.4863580982	36.4433253148	36.5270109801	36.5565540271	36.5668230861	36.5436158704	36.5153459688	36.5237080423	36.5294322687	36.5430246134	36.5280795627	36.5013660423	36.4605438562	36.4282427897	36.4107024563	36.377707758	36.3570359959	36.3248249349	36.2943777794	36.2626873277	36.2431642413	36.2042251052	36.179120508	36.1492472793	36.0972998619	36.0692012265	36.0224773631	35.9918192359	35.9600043704	35.8959115705	35.8288249192	35.7588470716	35.7109981969	35.6679213265	35.5427309794	35.4159336991	35.3824432892	35.3590926011
X_ROT6_sortmerna_2	36.346289957	36.2802410115	36.3690429884	36.3671975231	36.3966344864	36.349308977	36.3804958321	36.4274567515	36.4005888747	36.4317126308	36.4206793108	36.3913801677	36.3485498451	36.3107043201	36.2831778364	36.23949108	36.1982429145	36.1614938408	36.1197043444	36.0695336597	36.0078972481	35.9743241387	35.9279764312	35.8822095359	35.8171992958	35.7404353751	35.7253154988	35.6225050915	35.5132460052	35.4569518343	35.413096194	35.2350056935	35.1885250707	35.1427653597	35.0048554512	34.8469792773	34.7789058647	34.7708279799
X_ROT6_sortmerna_trimmomatic_1	36.5879496847	36.5485126652	36.6298593697	36.6550266244	36.6626004345	36.6351183625	36.6060860053	36.6146077771	36.6210691396	36.6322844773	36.6209731903	36.5984789008	36.5739537562	36.5504801388	36.5378596026	36.5088911018	36.4905662741	36.4600857368	36.4399299354	36.4169013208	36.4058383215	36.3768040286	36.3617778693	36.3415374094	36.3005565998	36.2818061201	36.2462201071	36.2261523141	36.2046063895	36.151511559	36.0951697477	36.0374680092	36.0012214279	35.9683819254	35.8577248974	35.748038751	35.7366415615	36.2990616085
X_ROT6_sortmerna_trimmomatic_2	36.4621586144	36.394331532	36.4852026693	36.4827151298	36.5098893541	36.4589287325	36.4998566381	36.5457974618	36.5184202828	36.5440921675	36.536653948	36.5116398226	36.4747804393	36.4413895803	36.4182888782	36.3779829665	36.3389403643	36.3040094875	36.2709951198	36.2290509426	36.1761565493	36.1507645581	36.1143821458	36.0769236347	36.0205609339	35.9538271766	35.9483555933	35.8557594926	35.7571500836	35.7116513902	35.6802778832	35.5163138052	35.4865424094	35.4540364967	35.3356703606	35.2007017441	35.1717349692	36.0513262579
X_ROT7_1	36.4848795095	36.4461843771	36.5298116085	36.5621815791	36.5715877706	36.5491664971	36.5198617886	36.5257372252	36.5309627779	36.5453614903	36.5304945808	36.5036022561	36.4626858029	36.4296802094	36.4118518882	36.378080274	36.3545932284	36.3241995878	36.2920869319	36.2579134751	36.237803533	36.1991643682	36.1732896802	36.1402996858	36.0868851287	36.0642894486	36.0182227338	35.9869667642	35.954034609	35.8894521091	35.8239178498	35.749444988	35.7056489832	35.6635965667	35.535725458	35.4090066509	35.375343622	35.3562023202
X_ROT7_2	36.330412178	36.2550278037	36.3452605033	36.3357876391	36.3595589305	36.3131925486	36.3498903994	36.387577393	36.3537014137	36.3857801016	36.3750584685	36.3435234372	36.2977011704	36.2578970994	36.2262721324	36.1801846905	36.1355622993	36.0967543799	36.0502624848	35.9941699196	35.9315883882	35.8962876426	35.8474877381	35.7974831201	35.730582018	35.6495930155	35.6388561764	35.5361423288	35.423695626	35.3683301635	35.3224955821	35.1414583412	35.0945576228	35.0471717888	34.9097693778	34.7505508198	34.6828214317	34.6841785332
X_ROT7_sortmerna_1	36.4863487058	36.4471981921	36.5304424068	36.5626946321	36.5721764656	36.5496494197	36.5202864638	36.5262339184	36.5315545298	36.5459087923	36.5312524492	36.5044069974	36.4640454404	36.4318135434	36.414550154	36.3815195037	36.3599554661	36.3291214553	36.2982388977	36.2662434263	36.2457817476	36.2074577725	36.1821175164	36.1498516291	36.099366886	36.0722732579	36.0260538734	35.9950567563	35.9624893157	35.897744419	35.8321582765	35.7578428891	35.714214375	35.6724017148	35.5445805814	35.4176697288	35.3841068527	35.3650386538
X_ROT7_sortmerna_2	36.3351240853	36.2599824136	36.3508541545	36.3413015158	36.365067748	36.3191443145	36.3561710467	36.3946340808	36.3605472739	36.3931742493	36.3829254498	36.3518610959	36.3075089556	36.2687391144	36.2379695722	36.1926142945	36.1488370422	36.1115634708	36.0677611072	36.0133548065	35.9513697619	35.9138442009	35.8665895624	35.8181306033	35.7515824319	35.669780997	35.6547490471	35.5508971461	35.4377409898	35.3820968398	35.3362002313	35.1551098998	35.1082603766	35.0609268448	34.9233256012	34.7638435889	34.6962005345	34.6981441769
X_ROT7_sortmerna_trimmomatic_1	36.587799826	36.5528939074	36.6334388468	36.6614916558	36.6683512381	36.6412656045	36.6106909754	36.6169626019	36.622910344	36.6351053203	36.6241033868	36.6014609883	36.5771453222	36.5539333449	36.5413932067	36.5123232014	36.4930709249	36.4636372403	36.4430512193	36.4198045832	36.4077503281	36.3794793374	36.3640856262	36.3418515954	36.3021088112	36.284326061	36.2487430931	36.2286166088	36.2064851752	36.1536725868	36.0983954293	36.0368301696	36.0047494687	35.9739390098	35.8604162398	35.7497702371	35.7374662743	36.3007275704
X_ROT7_sortmerna_trimmomatic_2	36.4537896434	36.3779136994	36.4717765373	36.4618145278	36.483847761	36.4344855065	36.4786664396	36.5199711049	36.4874739512	36.5147414661	36.507334439	36.4806750479	36.441518609	36.4073951035	36.3813522362	36.3394922224	36.2979204292	36.2629165447	36.2287027645	36.1830167553	36.1300989994	36.1012176754	36.0647160025	36.0249317578	35.9677071439	35.8963660319	35.8920632534	35.7984438679	35.6961775979	35.6518362762	35.6180229518	35.45069287	35.4197129038	35.3851701657	35.2654896468	35.1269303289	35.0958235419	36.0199259395
X_ROT8_1	36.4643273619	36.4345621072	36.5161838175	36.5501218057	36.5593416064	36.5390701116	36.5105150594	36.5182513472	36.5272845388	36.5397425905	36.5229816747	36.4986670858	36.4564617776	36.4243049873	36.4061092614	36.3723223493	36.3498145284	36.3177112603	36.2885551384	36.2539566917	36.2340573958	36.1930470352	36.1676328284	36.1369254081	36.0823746068	36.0592127224	36.009951205	35.9819487699	35.9462283882	35.8846583103	35.8157745887	35.7464393257	35.6968601417	35.6552723908	35.5276992032	35.402295103	35.3684727968	35.3461718633
X_ROT8_2	36.3035044854	36.3111872974	36.3902160807	36.3818311324	36.407163133	36.3743770522	36.3937598017	36.4243731157	36.4245360917	36.4264478095	36.4123011091	36.3835924136	36.3405202416	36.3034378862	36.2738987776	36.2301158316	36.1882850486	36.1510180025	36.1089083946	36.0597716973	35.9981281527	35.9668587918	35.9209779267	35.8741222359	35.8115256267	35.736965983	35.7247937626	35.6240569227	35.5188597757	35.4639050885	35.42337158	35.2483054129	35.2064324053	35.1618989169	35.030801128	34.8801337117	34.8173258685	34.8101812435
X_ROT8_sortmerna_1	36.4663054761	36.4358162426	36.5171130538	36.5508428001	36.5601147993	36.5399897669	36.5112617031	36.5188987405	36.5281290938	36.5405732597	36.5241636055	36.4998652794	36.4580006004	36.4265388506	36.4091111288	36.3755595323	36.3543275878	36.3224683632	36.2945143181	36.2618175661	36.2421984194	36.2013582644	36.1760534278	36.1460644237	36.0929440978	36.0671079646	36.0181839623	35.9905702551	35.9552586559	35.8930884417	35.8242989002	35.7553149083	35.7051499086	35.6636906478	35.5358962072	35.4103446629	35.3764445688	35.3548637973
X_ROT8_sortmerna_2	36.3083880403	36.3160334538	36.3958737448	36.3876766775	36.4131878984	36.3806158579	36.4007100207	36.4319829009	36.4321800713	36.434363007	36.4208835222	36.3923083479	36.3500781835	36.313650976	36.2853143168	36.2418330471	36.2008188926	36.165570755	36.1243798907	36.0758298629	36.0147373005	35.9821025137	35.9369880986	35.8915757161	35.8286889497	35.7534813454	35.7391413505	35.6369439729	35.5306750302	35.4753058883	35.4346695388	35.2590497918	35.2174671936	35.1728383637	35.0409629089	34.8896588523	34.826915385	34.8206080671
X_ROT8_sortmerna_trimmomatic_1	36.5697259775	36.5419346155	36.6211185481	36.6508844263	36.6578169875	36.6322797762	36.6034175083	36.6109309237	36.6195640417	36.6308562348	36.6185255375	36.598086727	36.5732679608	36.5504433748	36.5376920372	36.5079003443	36.4892672409	36.4590276522	36.4409221989	36.4174607749	36.4061138209	36.3760058064	36.3610641839	36.3407669934	36.2989115875	36.2823022854	36.2444271166	36.2276282828	36.2033468439	36.152390752	36.0937661774	36.0375733808	35.9991383943	35.9687395179	35.8556387	35.746479886	35.7332383017	36.2976629034
X_ROT8_sortmerna_trimmomatic_2	36.4257233272	36.4310173703	36.5131758099	36.5032472052	36.5258658365	36.4862710811	36.5191678482	36.5504097023	36.5492149131	36.5479253732	36.5376916976	36.5121557184	36.4749812647	36.4426734814	36.4190130572	36.3788664637	36.3402818173	36.3069731487	36.2743447678	36.2332990072	36.1811590998	36.1562993843	36.1202701319	36.0831176171	36.0287655336	35.9637615532	35.9587200906	35.8662333566	35.7698619187	35.7245743597	35.6952200456	35.5329125119	35.5058551296	35.4722596199	35.357091281	35.2240323637	35.1946862456	36.0569826538
X_ROT9_1	36.4718979897	36.4302340845	36.5159192144	36.5489622659	36.5588172374	36.5372490088	36.5088392197	36.5150742742	36.5215810113	36.5363982667	36.5201471121	36.4923519534	36.4499224802	36.4154033797	36.3955931177	36.3615332856	36.3378435578	36.3048460649	36.2735222389	36.2385767827	36.217051278	36.1786556788	36.1507602188	36.1167154257	36.0630679232	36.0429880981	35.9898981166	35.9648912694	35.9269595572	35.8657141809	35.7985441914	35.7154710817	35.6766384945	35.6382598241	35.5005016612	35.3746351659	35.3404089774	35.3141193187
X_ROT9_2	36.2674384046	36.1665555225	36.2703518499	36.2722947796	36.3018180564	36.2865357042	36.2575957964	36.330087655	36.3311342487	36.3394170292	36.3246551612	36.2946420169	36.2447338074	36.2033362333	36.1708726476	36.1239421016	36.0780903292	36.0360557736	35.9909397562	35.930587731	35.8655128099	35.8262486303	35.7756026347	35.7242688448	35.657219503	35.5692843843	35.5508294795	35.4517479236	35.3327606703	35.2810266376	35.2317682056	35.0505238201	34.9958858354	34.9490260161	34.8084386635	34.6454863764	34.5719517566	34.5867694094
X_ROT9_sortmerna_1	36.4730859553	36.431008201	36.5165126428	36.5493489186	36.5592570197	36.5376680011	36.5092988081	36.5155752825	36.5220881412	36.5368787999	36.5208606756	36.4931846812	36.4511729581	36.4171163718	36.3981052185	36.3647237876	36.3422685328	36.3092371322	36.2792903278	36.2457099589	36.2246299289	36.1863148683	36.1584460777	36.1248926582	36.0727977343	36.0506488594	35.9976621366	35.9730042985	35.9354131367	35.874345481	35.8071875875	35.7244546338	35.6856863142	35.6476309076	35.5097996195	35.3838929038	35.3497217473	35.3234861022
X_ROT9_sortmerna_2	36.2724865816	36.1717141259	36.2759804841	36.2780970555	36.3078230478	36.2930155368	36.2642064617	36.3377192066	36.3386044371	36.347230614	36.3328985206	36.3033027685	36.2548080069	36.2141881741	36.1827105019	36.1358717642	36.0908199396	36.0506056533	36.0066585114	35.9467462193	35.8823560364	35.8422349084	35.7925240315	35.7419236934	35.6750298003	35.586788037	35.5665745453	35.4665010746	35.3470235166	35.2949599862	35.2455924022	35.0643189076	35.009653638	34.9628302415	34.821926223	34.6589274682	34.5854223317	34.6006205101
X_ROT9_sortmerna_trimmomatic_1	36.5837593541	36.546053701	36.628608856	36.6569458421	36.6639862573	36.6372505813	36.6082432353	36.614250327	36.6215067864	36.6338244832	36.6215654988	36.5984906229	36.5736591155	36.5488737867	36.5350024157	36.5063360647	36.4868134916	36.4555631632	36.4362964118	36.4123513908	36.3996751391	36.3715120498	36.35518874	36.331737319	36.2907603388	36.2785647325	36.2372841115	36.2240272244	36.1976889627	36.1484012039	36.0916949264	36.0232883304	35.9963126476	35.9691282057	35.8469347978	35.738065118	35.7264422508	36.2916886451
X_ROT9_sortmerna_trimmomatic_2	36.4032447407	36.3013701081	36.4082564608	36.4113445798	36.4390670041	36.4217518272	36.4015649907	36.4757070539	36.4742383217	36.4782115352	36.4689158114	36.4425859205	36.3999868391	36.3646315449	36.3371826876	36.2939122226	36.2509223431	36.2125825828	36.1790204507	36.1281237721	36.0731258702	36.0427788611	36.0040078343	35.962542328	35.9054338969	35.8286779408	35.8195569476	35.7304097671	35.6223103463	35.5824344406	35.5455342911	35.3791251577	35.3424378607	35.3089691189	35.1871351243	35.0468221642	35.0140576156	35.9939727551
X_STA1_1	36.4834571473	36.4459330922	36.5241184002	36.5562604339	36.5656610446	36.5457998287	36.5172631676	36.5285323139	36.5339810539	36.5487439083	36.5351922043	36.5107343991	36.47081927	36.4407543936	36.4243709977	36.3894418244	36.3696099866	36.337465015	36.3103429735	36.2757885963	36.2579947359	36.217980142	36.1948665127	36.1694189826	36.1186776499	36.0903901635	36.0478764187	36.0163021711	35.9860095634	35.9224539652	35.8558270827	35.7968393729	35.7408681632	35.6961454618	35.5833604738	35.4599529436	35.4245325961	35.4052970076
X_STA1_2	36.296541262	36.2887724683	36.3600639218	36.3507030312	36.3685780157	36.3260503323	36.3372056724	36.4025662998	36.3914830781	36.3964874478	36.3778852019	36.3485963858	36.3024557334	36.2650841338	36.2360020724	36.1893442448	36.1480824687	36.1063941688	36.0639734458	36.0168102583	35.9495162528	35.9142537147	35.8682092507	35.8203889618	35.7536405396	35.6800074059	35.6720832005	35.5575156883	35.4482113941	35.3877530815	35.3496567007	35.1593018551	35.1254361815	35.0777336891	34.9405165675	34.7842436867	34.7268125363	34.7070836961
X_STA1_sortmerna_1	36.484863033	36.4468216299	36.5247613428	36.5569021749	36.5662060467	36.5463573572	36.5175891613	36.5289546462	36.5344482448	36.5492964358	36.5358566669	36.5115049163	36.4720597599	36.4425282939	36.4268679444	36.3925686159	36.3749258101	36.3434157461	36.3175378973	36.2840728278	36.2680143184	36.2280292455	36.2037338606	36.1786128359	36.1286272173	36.0981402616	36.0552472994	36.023950027	35.9939447251	35.9303410967	35.8637466098	35.805050814	35.7491946168	35.704713822	35.5918549246	35.4683352184	35.4331712427	35.414036797
X_STA1_sortmerna_2	36.3010092815	36.2936977285	36.3654758076	36.356480745	36.3744332532	36.332307392	36.343745118	36.4102195252	36.3989607676	36.4045475568	36.3863559298	36.357358625	36.312581425	36.275994229	36.2479561433	36.2014150523	36.160986145	36.119841097	36.0777478525	36.0318422444	35.9655505996	35.930350646	35.8852644987	35.8381943757	35.7705208755	35.6962152391	35.6863441199	35.5713847216	35.4617541898	35.4011228461	35.3631160396	35.1729007826	35.1390802441	35.0913050491	34.9540441316	34.7979026669	34.7404916866	34.7211951426
X_STA1_sortmerna_trimmomatic_1	36.5907509214	36.5556491123	36.6303190628	36.6583853908	36.6651261777	36.6400622077	36.6110867722	36.6219947335	36.6280970795	36.6412622582	36.631130436	36.610449338	36.5871154978	36.5654666193	36.5542864244	36.523683323	36.5082260726	36.4786222242	36.4616658371	36.4368949051	36.4278406108	36.3974098129	36.3829378673	36.3666099739	36.3266038841	36.3042183168	36.271346644	36.2498492305	36.2295594199	36.1767570505	36.1196244595	36.0723450084	36.0274249206	35.9934674777	35.8946739497	35.786425332	35.7721719824	36.3182973073
X_STA1_sortmerna_trimmomatic_2	36.4245843391	36.4148422863	36.4892356345	36.4788704786	36.4953529859	36.4486013039	36.4654495911	36.5329120684	36.5256148953	36.527663595	36.5124770491	36.4865798058	36.4472453494	36.4143945182	36.3905559845	36.3473098726	36.3084542778	36.2693992121	36.2360736503	36.1982222278	36.1403361853	36.1132646575	36.0780685196	36.0389143174	35.9792638428	35.9147907468	35.915060642	35.8097749913	35.7096476531	35.6582397476	35.6315620068	35.4538921356	35.4335257158	35.3970814315	35.2748788604	35.1360342513	35.1117299561	36.0166460409
X_STA2_1	36.473159974	36.4228535686	36.5088784346	36.5438489864	36.5529952943	36.5294233588	36.5016946288	36.5084901245	36.5147267768	36.5319019614	36.5137413446	36.486915875	36.4432003346	36.4087970342	36.389643344	36.3564931255	36.3328105533	36.2985421915	36.2683385836	36.2330953795	36.2098440702	36.1731473346	36.1439905162	36.1106632827	36.0547885732	36.0447937344	35.9850656117	35.9679165639	35.9233580979	35.8682719496	35.8007443668	35.7134422175	35.679566767	35.6450466586	35.4996569844	35.3731049751	35.3458297104	35.3144658371
X_STA2_2	36.3034640668	36.2756921558	36.3659749677	36.3532165129	36.3778298152	36.3523465923	36.3286422378	36.3932458687	36.3666396184	36.3991769761	36.3797071054	36.3485726488	36.3037017636	36.2650047584	36.2328479145	36.1879295849	36.1442641363	36.1078618719	36.0628991105	36.003201808	35.9423184867	35.9050620952	35.8569854399	35.8079788122	35.7448695295	35.6562918405	35.6377306439	35.5496139516	35.4361036851	35.387315729	35.3369072867	35.1677801921	35.1103785524	35.0684309254	34.9314975839	34.7773374323	34.7035130632	34.7315428647
X_STA2_sortmerna_1	36.474683965	36.4238575349	36.5096081924	36.5444534078	36.5536009194	36.5299368534	36.5021312773	36.5090598865	36.5153148273	36.5325404244	36.5145400513	36.4877759439	36.4444455663	36.4105737408	36.3922073588	36.3599089911	36.3380514405	36.303962268	36.2751824383	36.2413532332	36.219040427	36.1822616341	36.1530017335	36.1201165646	36.0657940322	36.0531259246	35.9932991105	35.976393383	35.9320732802	35.8770639047	35.8095909154	35.7225172403	35.6887548371	35.654297368	35.5089310236	35.3821392483	35.3550944466	35.3236132917
X_STA2_sortmerna_2	36.3082528258	36.2809934884	36.3716865702	36.3589967987	36.3837720385	36.3587286635	36.3354071968	36.400569878	36.3738978471	36.4069483897	36.3879789356	36.357171201	36.3134417857	36.2756320711	36.2445261952	36.1998633278	36.1568417581	36.1215922773	36.0772360955	36.0197036952	35.9594248962	35.9211358182	35.874342606	35.8261567171	35.7629830504	35.6736668613	35.6525959109	35.5636732286	35.4496759249	35.4007299138	35.3502332298	35.1812341301	35.123861288	35.08187584	34.9447310336	34.790405869	34.7166384054	34.7452331359
X_STA2_sortmerna_trimmomatic_1	36.5831732522	36.536933963	36.6202030906	36.6506868159	36.6569188357	36.62839696	36.5999313894	36.6072450755	36.6138988616	36.6286192086	36.6146036918	36.5916549614	36.56613696	36.5407923367	36.5272524892	36.4991439103	36.4795845118	36.4474551296	36.4286736881	36.4044646731	36.3906150963	36.3642428359	36.3460693424	36.3228430194	36.2795228556	36.2761393039	36.2281412559	36.2214824856	36.188348148	36.1450552116	36.0881430568	36.0143810259	35.9925823478	35.9693461667	35.838920025	35.7286283842	35.7232429554	36.2881428406
X_STA2_sortmerna_trimmomatic_2	36.4326507704	36.4043344132	36.4973648863	36.4840573615	36.5064218479	36.479369128	36.4642569903	36.5229240008	36.5016863769	36.5313096305	36.5145423971	36.4883421731	36.4503297482	36.4173703725	36.3903456533	36.3494936549	36.3085384843	36.275486682	36.241352218	36.1921564432	36.1412755348	36.1116848301	36.0748101049	36.0355778123	35.9820542689	35.9033983974	35.8921918109	35.8140244794	35.7109644304	35.6733287375	35.6338412882	35.4787330933	35.4373920511	35.4063791853	35.2869438299	35.151955225	35.1139530064	36.0366095904
X_STA3_1	36.4704292857	36.4332305633	36.5171982045	36.5514434922	36.5599967392	36.5380849305	36.5086967025	36.5162559511	36.52509868	36.53565031	36.5212873169	36.4944887852	36.4527164177	36.4206565895	36.400763516	36.3690129795	36.3450654118	36.3143092569	36.2836846754	36.2481086126	36.2263263112	36.1876635949	36.1617731191	36.1293986238	36.075479433	36.0569262963	36.0105077847	35.9817716084	35.9495249562	35.8856300421	35.8206805689	35.74623883	35.7033279709	35.6611343052	35.5316396331	35.4076674035	35.3753690531	35.352501959
X_STA3_2	36.178914278	36.0495180382	36.1899229557	36.2004438659	36.2363034368	36.2199195957	36.2114840954	36.2772775767	36.2615257998	36.2777331191	36.2696347976	36.2359437557	36.1864764622	36.1423753293	36.1090392661	36.0554694542	36.0078491419	35.9632528749	35.9139016265	35.8545895565	35.7807821442	35.7410102632	35.6888886458	35.6323053899	35.5620575621	35.4715890923	35.4623158474	35.3488566098	35.2284384957	35.1705247171	35.1241250431	34.9273918362	34.8799803547	34.8329142507	34.6850922687	34.5223787472	34.4540658622	34.4584350236
X_STA3_sortmerna_1	36.4717050811	36.4341362032	36.5178772652	36.5519932274	36.5604376453	36.5385124684	36.5090226641	36.5166150511	36.5255589533	36.5361502127	36.5220604555	36.49519396	36.4538927451	36.422280509	36.4031064102	36.3719777178	36.3497009822	36.3189947907	36.2900770691	36.2574473831	36.2373993092	36.1989396969	36.1737102639	36.1419877235	36.0909943962	36.0652908202	36.0179068503	35.9893761725	35.9573629469	35.89339959	35.828475695	35.754248557	35.7113841201	35.6694403226	35.5399544799	35.4159455276	35.3836678426	35.3608183939
X_STA3_sortmerna_2	36.1835858342	36.0543914671	36.1957346037	36.2060029674	36.2419560964	36.2261837133	36.2176825529	36.2842913887	36.2683141493	36.2850631427	36.2774612328	36.2441868753	36.1962035807	36.1533433688	36.1209813699	36.0678091789	36.0213464884	35.977872197	35.9300170481	35.8711296673	35.7989147979	35.7591519156	35.7090026772	35.6552593634	35.5840591774	35.4926262927	35.4774341413	35.3629319238	35.2416666816	35.1835643511	35.1370006251	34.9401977292	34.8926413111	34.8457722203	34.6975909576	34.5345527663	34.4664849339	34.4712801713
X_STA3_sortmerna_trimmomatic_1	36.5852485064	36.5504587993	36.6311694266	36.6604407378	36.6658539773	36.6378154608	36.6087057637	36.6159845421	36.6252043475	36.6340262957	36.6233934217	36.600679784	36.5763501918	36.5534631314	36.5392071955	36.5118743057	36.4918296218	36.4631440092	36.4432735595	36.4196394164	36.4078890035	36.3786571916	36.363387955	36.3411478363	36.3002336272	36.2837410185	36.2463608619	36.2283934348	36.2067172762	36.1534688016	36.0981511003	36.0365385389	36.0047365527	35.9737019836	35.8585713906	35.7505452711	35.7388329108	36.2982721699
X_STA3_sortmerna_trimmomatic_2	36.3216367965	36.1909921275	36.3358718573	36.3463225544	36.3799738392	36.3608886506	36.3561392387	36.4238556026	36.4070223723	36.4273478606	36.4208614495	36.3914801412	36.3490306917	36.3112302017	36.2828665054	36.2337774042	36.1891300238	36.1477634331	36.1099874496	36.0600354192	35.9977723293	35.9675611634	35.9283511539	35.8844296583	35.8228769032	35.7428494339	35.7389342674	35.6351422159	35.5257699404	35.4792222252	35.4454693485	35.2637436588	35.2339091194	35.1997370363	35.0699971255	34.9285133359	34.9004547251	35.948259538
X_STA4_1	36.4421710108	36.4429261318	36.5210062798	36.53510555	36.5536395936	36.525938035	36.5120061621	36.5231029646	36.5285592994	36.5424162209	36.5277818353	36.5052569151	36.4605519991	36.4275887299	36.4183531785	36.3844819802	36.3623054816	36.330757659	36.3037520603	36.2727363593	36.257754974	36.2207478051	36.1902923357	36.1639342484	36.1156742014	36.0678473565	36.0411261789	35.9850222443	35.9670630658	35.9200306588	35.8321437415	35.795482071	35.7586653228	35.6928668737	35.606590416	35.4836291144	35.4285277716	35.3978153289
X_STA4_2	36.2095014798	36.2483813097	36.3328699399	36.3297920527	36.3619144313	36.3122691055	36.3500469207	36.3968505527	36.3857239888	36.3868632186	36.3700719451	36.3459569128	36.299754472	36.2669906314	36.236183835	36.1820637034	36.1429142448	36.1062499868	36.0541279296	36.0079822653	35.9567009398	35.9157052965	35.87057306	35.821672284	35.7648738819	35.7013879459	35.7059148563	35.5811720328	35.4583536483	35.3731659936	35.3340002589	35.1748950664	35.1290067641	35.079509866	34.9327722127	34.7988087538	34.7040006351	34.6478083963
X_STA4_sortmerna_1	36.4434942941	36.4438837068	36.5217111111	36.5357081998	36.554220583	36.5264821492	36.5125012749	36.5235894519	36.529142425	36.5429442299	36.5285360412	36.5060360829	36.4616643087	36.4291461921	36.4205864876	36.3872655572	36.3664618141	36.335276212	36.3092406035	36.279629142	36.2657866545	36.2288990132	36.1984916678	36.1725892753	36.1253764234	36.0751751868	36.0484272455	35.9925013673	35.9749060719	35.92779	35.8401275937	35.8037377486	35.7669964014	35.7013771419	35.6150170691	35.4919426406	35.4368061516	35.4061965924
X_STA4_sortmerna_2	36.2139353495	36.2530553302	36.3381645647	36.3351553901	36.3674065863	36.3182586297	36.3560528482	36.4035119727	36.3923391254	36.3938458139	36.3773767588	36.3535885048	36.3082398405	36.2762751199	36.2463671254	36.192538665	36.1538746871	36.118517092	36.0679507423	36.0224038889	35.9723061937	35.9300962861	35.8857914575	35.8381335041	35.7819356857	35.7182489455	35.72094882	35.5949652309	35.4715289232	35.3861092779	35.3469231069	35.1879508986	35.1421353123	35.0926255654	34.9458192645	34.8116611458	34.7167694084	34.6609792694
X_STA4_sortmerna_trimmomatic_1	36.5571121422	36.5551699644	36.6275427244	36.6393157534	36.6530463459	36.6195347316	36.6051863238	36.6147977339	36.622123016	36.6337059056	36.6231952646	36.6040100956	36.5753859738	36.5505727881	36.546224474	36.5159720699	36.4975265157	36.4680708415	36.4505880362	36.4290296987	36.4218705705	36.3935094279	36.3729359698	36.3554218763	36.3180148258	36.2758216645	36.2583894908	36.2121484799	36.2032040657	36.1650366947	36.0865376551	36.0611321494	36.0341426178	35.9780760931	35.9051655315	35.7943174955	35.7580644511	36.3178140859
X_STA4_sortmerna_trimmomatic_2	36.3463997697	36.3790888243	36.4643950609	36.4604181616	36.4893677157	36.4334676434	36.4824286371	36.5234770751	36.5198211624	36.5152079023	36.5015241833	36.4798296149	36.4401582548	36.4116114564	36.3856579394	36.33511708	36.2982114402	36.2645493422	36.2224248285	36.1840949165	36.1411028266	36.1074299133	36.0723063104	36.031369102	35.981798542	35.9269335314	35.9378931297	35.8211294766	35.706296132	35.6302016343	35.6019037966	35.4541821731	35.421759646	35.3817354798	35.2514315381	35.1332398899	35.0730137536	36.0005754976
X_STA5_1	36.490890455	36.4520545047	36.5336136489	36.564898239	36.5749834032	36.5517719913	36.5261821633	36.5361764377	36.5420025108	36.5557416516	36.5405035086	36.5163842259	36.4755847673	36.4435684836	36.4259110494	36.391200138	36.3698069218	36.3363117862	36.3079493402	36.2716821979	36.2528950253	36.2123842011	36.1869521038	36.1579741439	36.1028733701	36.0810249636	36.0309430979	36.0026342135	35.9660372655	35.9053996918	35.8356503413	35.767427774	35.7169132299	35.6747355234	35.5485903828	35.4207308268	35.3882785218	35.3625789128
X_STA5_2	36.2154228861	36.2277594151	36.3227648893	36.3264075683	36.3566006003	36.3371004399	36.3329298774	36.3680990256	36.3772525108	36.3817781689	36.3692696297	36.3389983945	36.2923149859	36.2519207766	36.2194456727	36.1725619267	36.1271129256	36.0884887677	36.0421183387	35.9895371173	35.920816429	35.8842591985	35.8340047392	35.7842283339	35.715211779	35.6316049596	35.6185510534	35.5096463277	35.397771647	35.3368196675	35.2923472951	35.1033057336	35.0588426585	35.0117245341	34.8702692979	34.7087520325	34.6416289965	34.6368248163
X_STA5_sortmerna_1	36.4920213088	36.4527871845	36.534172928	36.5654209539	36.5754588861	36.5521399373	36.526519081	36.5366310383	36.542572943	36.5562127929	36.541153216	36.5170917608	36.476691151	36.4451333468	36.428264882	36.3940740278	36.3741826999	36.3409645333	36.3136790008	36.2790378556	36.2610335589	36.2205323326	36.1949144672	36.1665733238	36.1133524423	36.0884718655	36.0381867499	36.0101001152	35.9738021388	35.9131192514	35.8435138684	35.7755127209	35.7251390732	35.6832696161	35.5570646366	35.4291532771	35.3967590212	35.37130198
X_STA5_sortmerna_2	36.2200465525	36.2326353011	36.328287029	36.3317908087	36.3624719296	36.3432514774	36.3393752892	36.3755875659	36.3845166581	36.3895145627	36.3775193476	36.3475553251	36.3019746781	36.2623393924	36.2307881476	36.1840384621	36.1390903226	36.1010646951	36.0558592611	36.0046669483	35.9375095944	35.8998304083	35.8502149944	35.8019460556	35.7335578623	35.6497586566	35.6347061979	35.5239276974	35.4111831558	35.3499257605	35.3053230096	35.11619594	35.0717102038	35.0247320047	34.8830289994	34.721440946	34.6543360479	34.6496844544
X_STA5_sortmerna_trimmomatic_1	36.5920114442	36.5562471324	36.6344549979	36.6618600126	36.6692544435	36.6415493242	36.6149152285	36.6245163556	36.6309066777	36.6428045469	36.631193515	36.6113728574	36.5865132208	36.5634787788	36.550821233	36.5211936418	36.5040957156	36.4729608596	36.4552360118	36.4294976564	36.4195942213	36.3893860297	36.3738490982	36.355180846	36.3130957658	36.2972972777	36.2583252203	36.2406763147	36.2156351008	36.1664115684	36.1070220604	36.0516828788	36.0131642723	35.9826050073	35.8709456351	35.7598477405	35.7482061272	36.3035125233
X_STA5_sortmerna_trimmomatic_2	36.3436087836	36.3533466331	36.4515659984	36.4526999355	36.4805656891	36.4577433789	36.4570053869	36.4956414458	36.5055595508	36.5083393816	36.497982801	36.470876271	36.4307923921	36.3953996218	36.3687974891	36.3250472442	36.2827144182	36.2463111183	36.2109165436	36.1679216798	36.1098591717	36.0810322432	36.0417950013	36.0021336386	35.941872392	35.8692423663	35.8643818289	35.7647802862	35.6620548257	35.6112616534	35.5781025995	35.4033733337	35.3754924079	35.3399820561	35.2160205073	35.0749651207	35.0453516055	35.9976512065
