	150
P_ROT16_1	21609796.0
	150
P_ROT16_2	21609796.0
	150
P_ROT16_sortmerna_1	21451954.0
	150
P_ROT16_sortmerna_2	21451954.0
	52	57	62	67	72	77	82	87	92	97	102	107	112	117	122	127	132	137	142	147	150
P_ROT16_sortmerna_trimmomatic_1	25480.0	25959.0	26063.0	26312.0	26965.0	27804.0	27256.0	28560.0	28131.0	29478.0	30239.0	30948.0	31161.0	33367.0	34420.0	34948.0	36079.0	39525.0	45303.0	504710.0	19490299.0
	52	57	62	67	72	77	82	87	92	97	102	107	112	117	122	127	132	137	142	147	150
P_ROT16_sortmerna_trimmomatic_2	19521.0	19707.0	20501.0	21454.0	22390.0	23271.0	22598.0	24173.0	26130.0	27631.0	28689.0	30394.0	31955.0	32920.0	37534.0	40257.0	39937.0	45776.0	52190.0	744017.0	19271962.0
	150
P_ROT17_1	21471017.0
	150
P_ROT17_2	21471017.0
	150
P_ROT17_sortmerna_1	21308896.0
	150
P_ROT17_sortmerna_2	21308896.0
	52	57	62	67	72	77	82	87	92	97	102	107	112	117	122	127	132	137	142	147	150
P_ROT17_sortmerna_trimmomatic_1	25073.0	25665.0	25576.0	26324.0	26653.0	27557.0	27881.0	28923.0	28224.0	29235.0	30490.0	31296.0	31051.0	33578.0	34389.0	35264.0	36567.0	39800.0	45868.0	506744.0	19386150.0
	52	57	62	67	72	77	82	87	92	97	102	107	112	117	122	127	132	137	142	147	150
P_ROT17_sortmerna_trimmomatic_2	21999.0	22456.0	23389.0	24540.0	25469.0	26360.0	26372.0	28285.0	30080.0	31086.0	32744.0	35160.0	36582.0	38276.0	43486.0	47418.0	46887.0	53774.0	61160.0	814558.0	19012227.0
	150
P_ROT18_1	21935476.0
	150
P_ROT18_2	21935476.0
	150
P_ROT18_sortmerna_1	21789672.0
	150
P_ROT18_sortmerna_2	21789672.0
	52	57	62	67	72	77	82	87	92	97	102	107	112	117	122	127	132	137	142	147	150
P_ROT18_sortmerna_trimmomatic_1	26047.0	26291.0	26583.0	26473.0	26776.0	28252.0	28325.0	28459.0	28130.0	29638.0	31049.0	31116.0	31427.0	33504.0	34566.0	35459.0	36634.0	39265.0	44679.0	521279.0	19870175.0
	52	57	62	67	72	77	82	87	92	97	102	107	112	117	122	127	132	137	142	147	150
P_ROT18_sortmerna_trimmomatic_2	20296.0	20648.0	21599.0	22386.0	23483.0	24677.0	23992.0	25789.0	27679.0	29501.0	30178.0	32278.0	33875.0	35211.0	40328.0	43459.0	42738.0	49545.0	55584.0	802371.0	19578510.0
	150
P_ROT19_1	21788054.0
	150
P_ROT19_2	21788054.0
	150
P_ROT19_sortmerna_1	21650790.0
	150
P_ROT19_sortmerna_2	21650790.0
	52	57	62	67	72	77	82	87	92	97	102	107	112	117	122	127	132	137	142	147	150
P_ROT19_sortmerna_trimmomatic_1	25295.0	25761.0	25722.0	25899.0	27165.0	27959.0	27579.0	28802.0	28469.0	29664.0	30217.0	31232.0	31450.0	33783.0	34614.0	35142.0	36654.0	39353.0	45654.0	513386.0	19783268.0
	52	57	62	67	72	77	82	87	92	97	102	107	112	117	122	127	132	137	142	147	150
P_ROT19_sortmerna_trimmomatic_2	22656.0	22348.0	23721.0	24618.0	25865.0	27065.0	26522.0	27805.0	30065.0	31529.0	33330.0	35955.0	37829.0	39104.0	44826.0	48227.0	47859.0	55880.0	62738.0	857836.0	19361290.0
	150
P_ROT20_1	22682301.0
	150
P_ROT20_2	22682301.0
	150
P_ROT20_sortmerna_1	22519494.0
	150
P_ROT20_sortmerna_2	22519494.0
	52	57	62	67	72	77	82	87	92	97	102	107	112	117	122	127	132	137	142	147	150
P_ROT20_sortmerna_trimmomatic_1	28236.0	28737.0	28661.0	29338.0	29556.0	30237.0	30708.0	31353.0	31151.0	31986.0	33128.0	33965.0	34014.0	36190.0	37634.0	37989.0	40032.0	43193.0	49927.0	544635.0	20573270.0
	52	57	62	67	72	77	82	87	92	97	102	107	112	117	122	127	132	137	142	147	150
P_ROT20_sortmerna_trimmomatic_2	22863.0	23228.0	24000.0	25292.0	26333.0	27398.0	27390.0	28707.0	31254.0	32642.0	33952.0	36850.0	37895.0	39492.0	45370.0	49091.0	48412.0	56120.0	62859.0	852151.0	20232641.0
	150
P_STA11_1	20305858.0
	150
P_STA11_2	20305858.0
	150
P_STA11_sortmerna_1	20169968.0
	150
P_STA11_sortmerna_2	20169968.0
	52	57	62	67	72	77	82	87	92	97	102	107	112	117	122	127	132	137	142	147	150
P_STA11_sortmerna_trimmomatic_1	27436.0	28122.0	28524.0	28593.0	29621.0	30577.0	30140.0	32119.0	30978.0	33207.0	33124.0	34113.0	33978.0	36883.0	38035.0	38694.0	40681.0	44216.0	51788.0	523267.0	18243114.0
	52	57	62	67	72	77	82	87	92	97	102	107	112	117	122	127	132	137	142	147	150
P_STA11_sortmerna_trimmomatic_2	21833.0	22844.0	23274.0	24320.0	25145.0	26411.0	26615.0	28593.0	31256.0	31973.0	32919.0	36515.0	37975.0	39390.0	44506.0	48890.0	48714.0	54394.0	62542.0	742273.0	18006828.0
	150
P_STA12_1	22351064.0
	150
P_STA12_2	22351064.0
	150
P_STA12_sortmerna_1	22202351.0
	150
P_STA12_sortmerna_2	22202351.0
	52	57	62	67	72	77	82	87	92	97	102	107	112	117	122	127	132	137	142	147	150
P_STA12_sortmerna_trimmomatic_1	25515.0	26120.0	26401.0	26701.0	26918.0	28064.0	28750.0	29420.0	28984.0	30231.0	31063.0	31596.0	31675.0	33665.0	35373.0	35667.0	37016.0	39997.0	46146.0	523769.0	20319503.0
	52	57	62	67	72	77	82	87	92	97	102	107	112	117	122	127	132	137	142	147	150
P_STA12_sortmerna_trimmomatic_2	26706.0	27238.0	28447.0	29393.0	30695.0	32124.0	31602.0	33792.0	36357.0	37710.0	39196.0	42707.0	44880.0	46443.0	53071.0	58460.0	57484.0	65994.0	74945.0	943073.0	19702257.0
	150
P_STA13_1	21800339.0
	150
P_STA13_2	21800339.0
	150
P_STA13_sortmerna_1	21658046.0
	150
P_STA13_sortmerna_2	21658046.0
	52	57	62	67	72	77	82	87	92	97	102	107	112	117	122	127	132	137	142	147	150
P_STA13_sortmerna_trimmomatic_1	24008.0	24869.0	24937.0	25122.0	25650.0	26994.0	26880.0	27500.0	27031.0	28271.0	29374.0	29482.0	30486.0	31899.0	33774.0	33845.0	35584.0	38036.0	43415.0	511050.0	19849690.0
	52	57	62	67	72	77	82	87	92	97	102	107	112	117	122	127	132	137	142	147	150
P_STA13_sortmerna_trimmomatic_2	22396.0	22345.0	23558.0	24294.0	25555.0	26797.0	25820.0	27731.0	29772.0	31708.0	32697.0	34859.0	36219.0	37710.0	43231.0	46565.0	46644.0	53705.0	60380.0	849285.0	19426626.0
	150
P_STA14_1	21643175.0
	150
P_STA14_2	21643175.0
	150
P_STA14_sortmerna_1	21493786.0
	150
P_STA14_sortmerna_2	21493786.0
	52	57	62	67	72	77	82	87	92	97	102	107	112	117	122	127	132	137	142	147	150
P_STA14_sortmerna_trimmomatic_1	25481.0	26244.0	26524.0	26551.0	26878.0	28399.0	28221.0	29024.0	28762.0	29679.0	30727.0	31339.0	31550.0	34012.0	34741.0	35503.0	36884.0	39930.0	45557.0	514399.0	19623031.0
	52	57	62	67	72	77	82	87	92	97	102	107	112	117	122	127	132	137	142	147	150
P_STA14_sortmerna_trimmomatic_2	24282.0	24388.0	25232.0	26132.0	27805.0	29113.0	28355.0	30094.0	32672.0	34289.0	35697.0	38359.0	40347.0	42008.0	47968.0	52251.0	51456.0	59349.0	67200.0	885668.0	19130771.0
	150
P_STA15_1	22651534.0
	150
P_STA15_2	22651534.0
	150
P_STA15_sortmerna_1	22493428.0
	150
P_STA15_sortmerna_2	22493428.0
	52	57	62	67	72	77	82	87	92	97	102	107	112	117	122	127	132	137	142	147	150
P_STA15_sortmerna_trimmomatic_1	27150.0	27504.0	27428.0	27903.0	28404.0	29466.0	29588.0	30354.0	30073.0	31405.0	32290.0	32913.0	32887.0	35182.0	36457.0	36846.0	38534.0	41750.0	47879.0	537261.0	20543186.0
	52	57	62	67	72	77	82	87	92	97	102	107	112	117	122	127	132	137	142	147	150
P_STA15_sortmerna_trimmomatic_2	24111.0	24360.0	25639.0	26686.0	27443.0	28661.0	28241.0	30442.0	32698.0	33964.0	35605.0	38474.0	40342.0	41841.0	47733.0	52259.0	51492.0	58907.0	67186.0	865714.0	20122662.0
	150
X_ROT10_1	22564933.0
	150
X_ROT10_2	22564933.0
	150
X_ROT10_sortmerna_1	22421447.0
	150
X_ROT10_sortmerna_2	22421447.0
	52	57	62	67	72	77	82	87	92	97	102	107	112	117	122	127	132	137	142	147	150
X_ROT10_sortmerna_trimmomatic_1	29175.0	29396.0	29575.0	29806.0	30233.0	31620.0	31849.0	32616.0	32245.0	33871.0	35126.0	35308.0	35277.0	37439.0	38989.0	39664.0	40242.0	44549.0	51293.0	546348.0	20438415.0
	52	57	62	67	72	77	82	87	92	97	102	107	112	117	122	127	132	137	142	147	150
X_ROT10_sortmerna_trimmomatic_2	24483.0	25308.0	25935.0	27178.0	27945.0	29562.0	28998.0	30826.0	33597.0	34319.0	36336.0	38667.0	40968.0	42515.0	48256.0	52515.0	52082.0	59053.0	67865.0	863295.0	20063333.0
	150
X_ROT6_1	21534534.0
	150
X_ROT6_2	21534534.0
	150
X_ROT6_sortmerna_1	21407609.0
	150
X_ROT6_sortmerna_2	21407609.0
	52	57	62	67	72	77	82	87	92	97	102	107	112	117	122	127	132	137	142	147	150
X_ROT6_sortmerna_trimmomatic_1	25937.0	26133.0	25947.0	26158.0	26240.0	27290.0	27516.0	28528.0	28469.0	29798.0	30908.0	30682.0	31094.0	33425.0	33827.0	34598.0	35418.0	39023.0	44882.0	504791.0	19549410.0
	52	57	62	67	72	77	82	87	92	97	102	107	112	117	122	127	132	137	142	147	150
X_ROT6_sortmerna_trimmomatic_2	21172.0	21334.0	22034.0	22954.0	23594.0	24921.0	24497.0	25943.0	28228.0	29113.0	30231.0	32435.0	33913.0	35477.0	40241.0	43130.0	42864.0	49226.0	55728.0	763974.0	19269065.0
	150
X_ROT7_1	21373050.0
	150
X_ROT7_2	21373050.0
	150
X_ROT7_sortmerna_1	21241356.0
	150
X_ROT7_sortmerna_2	21241356.0
	52	57	62	67	72	77	82	87	92	97	102	107	112	117	122	127	132	137	142	147	150
X_ROT7_sortmerna_trimmomatic_1	24578.0	25343.0	24982.0	25796.0	26040.0	27324.0	27214.0	27565.0	27632.0	28883.0	30244.0	30462.0	30736.0	32513.0	33930.0	34155.0	34909.0	38519.0	44457.0	500386.0	19471793.0
	52	57	62	67	72	77	82	87	92	97	102	107	112	117	122	127	132	137	142	147	150
X_ROT7_sortmerna_trimmomatic_2	22730.0	23310.0	23663.0	24593.0	25285.0	27036.0	26098.0	28388.0	29890.0	31034.0	32140.0	34455.0	36075.0	37472.0	42590.0	45703.0	45744.0	52422.0	59683.0	795308.0	19103842.0
	150
X_ROT8_1	21579859.0
	150
X_ROT8_2	21579859.0
	150
X_ROT8_sortmerna_1	21250649.0
	150
X_ROT8_sortmerna_2	21250649.0
	52	57	62	67	72	77	82	87	92	97	102	107	112	117	122	127	132	137	142	147	150
X_ROT8_sortmerna_trimmomatic_1	26413.0	26362.0	26293.0	26544.0	27104.0	28200.0	28071.0	29272.0	28570.0	29941.0	31000.0	31900.0	31659.0	33179.0	34766.0	35387.0	36582.0	39999.0	46046.0	506101.0	19512801.0
	52	57	62	67	72	77	82	87	92	97	102	107	112	117	122	127	132	137	142	147	150
X_ROT8_sortmerna_trimmomatic_2	20417.0	20691.0	21494.0	22123.0	23029.0	24521.0	23683.0	25305.0	27052.0	28258.0	29280.0	31145.0	32776.0	33885.0	38238.0	40857.0	40602.0	46893.0	52919.0	750382.0	19282640.0
	150
X_ROT9_1	22647757.0
	150
X_ROT9_2	22647757.0
	150
X_ROT9_sortmerna_1	22501486.0
	150
X_ROT9_sortmerna_2	22501486.0
	52	57	62	67	72	77	82	87	92	97	102	107	112	117	122	127	132	137	142	147	150
X_ROT9_sortmerna_trimmomatic_1	27961.0	28387.0	28018.0	28077.0	28531.0	30208.0	29881.0	30854.0	31107.0	32647.0	33556.0	33569.0	33900.0	36067.0	37433.0	37683.0	38348.0	42830.0	49789.0	535848.0	20510675.0
	52	57	62	67	72	77	82	87	92	97	102	107	112	117	122	127	132	137	142	147	150
X_ROT9_sortmerna_trimmomatic_2	25463.0	26258.0	26882.0	28139.0	29005.0	30489.0	30077.0	31852.0	34567.0	35630.0	36389.0	40255.0	41510.0	42887.0	48644.0	52786.0	52405.0	59875.0	68321.0	878880.0	20065055.0
	150
X_STA1_1	21852942.0
	150
X_STA1_2	21852942.0
	150
X_STA1_sortmerna_1	21718915.0
	150
X_STA1_sortmerna_2	21718915.0
	52	57	62	67	72	77	82	87	92	97	102	107	112	117	122	127	132	137	142	147	150
X_STA1_sortmerna_trimmomatic_1	24508.0	24554.0	24500.0	24483.0	24951.0	26633.0	26311.0	26802.0	26543.0	27894.0	28775.0	28979.0	29002.0	30680.0	31864.0	32488.0	33422.0	36542.0	41873.0	495797.0	20012513.0
	52	57	62	67	72	77	82	87	92	97	102	107	112	117	122	127	132	137	142	147	150
X_STA1_sortmerna_trimmomatic_2	22380.0	22549.0	23108.0	23617.0	25169.0	26172.0	25407.0	26534.0	28688.0	30114.0	31368.0	33318.0	34924.0	36117.0	41208.0	44207.0	43913.0	50992.0	56785.0	816348.0	19616196.0
	150
X_STA2_1	21907747.0
	150
X_STA2_2	21907747.0
	150
X_STA2_sortmerna_1	21768871.0
	150
X_STA2_sortmerna_2	21768871.0
	52	57	62	67	72	77	82	87	92	97	102	107	112	117	122	127	132	137	142	147	150
X_STA2_sortmerna_trimmomatic_1	27214.0	27026.0	26975.0	27285.0	27888.0	29061.0	29455.0	29730.0	29357.0	30611.0	31721.0	32373.0	32523.0	34489.0	36240.0	36277.0	37271.0	40965.0	47322.0	524584.0	19925430.0
	52	57	62	67	72	77	82	87	92	97	102	107	112	117	122	127	132	137	142	147	150
X_STA2_sortmerna_trimmomatic_2	22831.0	23589.0	23915.0	25147.0	25538.0	26794.0	26368.0	28096.0	30189.0	31229.0	32794.0	35283.0	36180.0	37780.0	42772.0	46743.0	46583.0	52754.0	60417.0	792050.0	19616745.0
	150
X_STA3_1	21393396.0
	150
X_STA3_2	21393396.0
	150
X_STA3_sortmerna_1	21253922.0
	150
X_STA3_sortmerna_2	21253922.0
	52	57	62	67	72	77	82	87	92	97	102	107	112	117	122	127	132	137	142	147	150
X_STA3_sortmerna_trimmomatic_1	24273.0	24704.0	24630.0	24999.0	25073.0	26513.0	26287.0	27373.0	27259.0	28006.0	29083.0	29721.0	29730.0	31285.0	32820.0	33246.0	34348.0	37248.0	42888.0	497791.0	19435997.0
	52	57	62	67	72	77	82	87	92	97	102	107	112	117	122	127	132	137	142	147	150
X_STA3_sortmerna_trimmomatic_2	26004.0	26552.0	27384.0	28454.0	29518.0	30860.0	30674.0	32077.0	34804.0	36296.0	37901.0	40800.0	42894.0	44587.0	51151.0	55478.0	54496.0	62588.0	70951.0	899977.0	18829828.0
	150
X_STA4_1	22646704.0
	150
X_STA4_2	22646704.0
	150
X_STA4_sortmerna_1	22510824.0
	150
X_STA4_sortmerna_2	22510824.0
	52	57	62	67	72	77	82	87	92	97	102	107	112	117	122	127	132	137	142	147	150
X_STA4_sortmerna_trimmomatic_1	25383.0	25391.0	25046.0	25079.0	25206.0	27087.0	26860.0	27323.0	27457.0	28206.0	29829.0	29520.0	29698.0	31803.0	32002.0	31739.0	33650.0	35741.0	40342.0	533473.0	20682661.0
	52	57	62	67	72	77	82	87	92	97	102	107	112	117	122	127	132	137	142	147	150
X_STA4_sortmerna_trimmomatic_2	22717.0	23134.0	23626.0	23299.0	25181.0	26443.0	24649.0	25712.0	27330.0	28932.0	30290.0	32472.0	35497.0	36012.0	40260.0	43175.0	43604.0	49928.0	55675.0	893095.0	20262465.0
	150
X_STA5_1	21597566.0
	150
X_STA5_2	21597566.0
	150
X_STA5_sortmerna_1	21465676.0
	150
X_STA5_sortmerna_2	21465676.0
	52	57	62	67	72	77	82	87	92	97	102	107	112	117	122	127	132	137	142	147	150
X_STA5_sortmerna_trimmomatic_1	25192.0	25403.0	25386.0	25992.0	26200.0	27517.0	27509.0	28456.0	27994.0	29657.0	30308.0	31323.0	31149.0	32757.0	34275.0	34995.0	36020.0	39787.0	45251.0	502558.0	19655044.0
	52	57	62	67	72	77	82	87	92	97	102	107	112	117	122	127	132	137	142	147	150
X_STA5_sortmerna_trimmomatic_2	22886.0	23392.0	23813.0	24391.0	25731.0	27409.0	26502.0	28097.0	30309.0	31864.0	33262.0	35048.0	37083.0	38867.0	44070.0	47694.0	47343.0	54730.0	61917.0	833591.0	19244774.0

