Sample	FastQC_mqc-generalstats-fastqc-percent_fails	FastQC_mqc-generalstats-fastqc-avg_sequence_length	SortMeRNA_mqc-generalstats-sortmerna-rRNA_pct	FastQC_mqc-generalstats-fastqc-total_sequences	FastQC_mqc-generalstats-fastqc-percent_duplicates	FastQC_mqc-generalstats-fastqc-percent_gc	Trimmomatic_mqc-generalstats-trimmomatic-dropped_pct
P_ROT16_1	27.2727272727	150.0	0.518831829787	21609796.0	56.9558471131	44.0	
P_ROT16_2	27.2727272727	150.0		21609796.0	55.9669491222	44.0	
P_ROT16_sortmerna_1	27.2727272727	150.0		21451954.0	56.8944148423	44.0	0.36
P_ROT16_sortmerna_2	27.2727272727	150.0		21451954.0	55.880767396	44.0	
P_ROT16_sortmerna_trimmomatic_1	27.2727272727	148.53067732		20583007.0	56.6759249857	44.0	
P_ROT16_sortmerna_trimmomatic_2	27.2727272727	148.652267863		20583007.0	55.9378656197	44.0	
P_ROT17_1	27.2727272727	150.0	0.545160483083	21471017.0	60.0791440136	44.0	
P_ROT17_2	27.2727272727	150.0		21471017.0	58.9268553861	44.0	
P_ROT17_sortmerna_1	27.2727272727	150.0		21308896.0	59.9769929732	43.0	0.38
P_ROT17_sortmerna_2	27.2727272727	150.0		21308896.0	58.8303454948	44.0	
P_ROT17_sortmerna_trimmomatic_1	27.2727272727	148.525132812		20482308.0	59.9739706525	43.0	
P_ROT17_sortmerna_trimmomatic_2	27.2727272727	148.45043376		20482308.0	58.9790784018	44.0	
P_ROT18_1	27.2727272727	150.0	0.461610680343	21935476.0	56.5026316494	43.0	
P_ROT18_2	27.2727272727	150.0		21935476.0	55.6032645004	44.0	
P_ROT18_sortmerna_1	27.2727272727	150.0		21789672.0	56.4404479275	43.0	0.39
P_ROT18_sortmerna_2	27.2727272727	150.0		21789672.0	55.5340338145	44.0	
P_ROT18_sortmerna_trimmomatic_1	27.2727272727	148.541313823		20984127.0	56.3703706728	43.0	
P_ROT18_sortmerna_trimmomatic_2	27.2727272727	148.598663599		20984127.0	55.5826289401	44.0	
P_ROT19_1	27.2727272727	150.0	0.422740828529	21788054.0	56.7060528979	43.0	
P_ROT19_2	27.2727272727	150.0		21788054.0	55.3251505913	44.0	
P_ROT19_sortmerna_1	27.2727272727	150.0		21650790.0	56.6549658066	43.0	0.35
P_ROT19_sortmerna_2	27.2727272727	150.0		21650790.0	55.2906705446	44.0	
P_ROT19_sortmerna_trimmomatic_1	27.2727272727	148.548453761		20887068.0	56.4925807602	43.0	
P_ROT19_sortmerna_trimmomatic_2	27.2727272727	148.453869686		20887068.0	55.4003360743	44.0	
P_ROT20_1	27.2727272727	150.0	0.500491550659	22682301.0	58.4827433529	44.0	
P_ROT20_2	27.2727272727	150.0		22682301.0	57.5999333783	44.0	
P_ROT20_sortmerna_1	27.2727272727	150.0		22519494.0	58.3985309371	44.0	0.41
P_ROT20_sortmerna_2	27.2727272727	150.0		22519494.0	57.513154013	44.0	
P_ROT20_sortmerna_trimmomatic_1	27.2727272727	148.471999785		21763940.0	58.3348694392	44.0	
P_ROT20_sortmerna_trimmomatic_2	27.2727272727	148.48845811		21763940.0	57.6338092228	44.0	
P_STA11_1	27.2727272727	150.0	0.472080519818	20305858.0	57.0037588217	44.0	
P_STA11_2	27.2727272727	150.0		20305858.0	55.7730139901	44.0	
P_STA11_sortmerna_1	27.2727272727	150.0		20169968.0	56.9525430881	44.0	0.42
P_STA11_sortmerna_2	27.2727272727	150.0		20169968.0	55.7357111608	44.0	
P_STA11_sortmerna_trimmomatic_1	27.2727272727	148.291675117		19417210.0	56.7576978712	44.0	
P_STA11_sortmerna_trimmomatic_2	27.2727272727	148.356424481		19417210.0	55.9136509641	44.0	
P_STA12_1	27.2727272727	150.0	0.461684956027	22351064.0	56.1563437661	44.0	
P_STA12_2	27.2727272727	150.0		22351064.0	54.4143559237	44.0	
P_STA12_sortmerna_1	27.2727272727	150.0		22202351.0	56.0606249075	43.0	0.43
P_STA12_sortmerna_2	27.2727272727	150.0		22202351.0	54.3636043154	44.0	
P_STA12_sortmerna_trimmomatic_1	27.2727272727	148.563096576		21442574.0	55.8851348012	44.0	
P_STA12_sortmerna_trimmomatic_2	27.2727272727	148.212642008		21442574.0	54.6391886238	44.0	
P_STA13_1	27.2727272727	150.0	0.450963170802	21800339.0	56.6382228654	44.0	
P_STA13_2	27.2727272727	150.0		21800339.0	55.4462666198	44.0	
P_STA13_sortmerna_1	27.2727272727	150.0		21658046.0	56.5750981768	44.0	0.38
P_STA13_sortmerna_2	27.2727272727	150.0		21658046.0	55.4093593936	44.0	
P_STA13_sortmerna_trimmomatic_1	27.2727272727	148.606103805		20927897.0	56.4249131513	44.0	
P_STA13_sortmerna_trimmomatic_2	27.2727272727	148.482349039		20927897.0	55.5765631167	44.0	
P_STA14_1	27.2727272727	150.0	0.484245033365	21643175.0	56.1592575431	43.0	
P_STA14_2	27.2727272727	150.0		21643175.0	54.2553713106	44.0	
P_STA14_sortmerna_1	27.2727272727	150.0		21493786.0	56.0962861721	43.0	0.41
P_STA14_sortmerna_2	27.2727272727	150.0		21493786.0	54.2178531307	43.0	
P_STA14_sortmerna_trimmomatic_1	27.2727272727	148.521337708		20733436.0	55.9578589212	43.0	
P_STA14_sortmerna_trimmomatic_2	27.2727272727	148.331822328		20733436.0	54.4543396692	43.0	
P_STA15_1	27.2727272727	150.0	0.496341660569	22651534.0	58.5284797696	44.0	
P_STA15_2	27.2727272727	150.0		22651534.0	56.9842385773	44.0	
P_STA15_sortmerna_1	27.2727272727	150.0		22493428.0	58.4708093996	44.0	0.38
P_STA15_sortmerna_2	27.2727272727	150.0		22493428.0	56.9466793052	44.0	
P_STA15_sortmerna_trimmomatic_1	27.2727272727	148.519980594		21704460.0	58.3136852844	44.0	
P_STA15_sortmerna_trimmomatic_2	27.2727272727	148.410000802		21704460.0	57.0500311962	44.0	
X_ROT10_1	27.2727272727	150.0	0.457871955569	22564933.0	63.5286985009	44.0	
X_ROT10_2	18.1818181818	150.0		22564933.0	63.0572817974	44.0	
X_ROT10_sortmerna_1	27.2727272727	150.0		22421447.0	63.5071295752	44.0	0.41
X_ROT10_sortmerna_2	9.09090909091	150.0		22421447.0	63.0515196078	44.0	
X_ROT10_sortmerna_trimmomatic_1	27.2727272727	148.41320298		21653036.0	63.5043557568	44.0	
X_ROT10_sortmerna_trimmomatic_2	18.1818181818	148.380191397		21653036.0	63.3613929453	44.0	
X_ROT6_1	27.2727272727	150.0	0.414638645071	21534534.0	61.7706239691	44.0	
X_ROT6_2	18.1818181818	150.0		21534534.0	61.419886197	44.0	
X_ROT6_sortmerna_1	27.2727272727	150.0		21407609.0	61.744473513	44.0	0.37
X_ROT6_sortmerna_2	27.2727272727	150.0		21407609.0	61.4297021465	44.0	
X_ROT6_sortmerna_trimmomatic_1	27.2727272727	148.536194589		20640074.0	61.6094268682	44.0	
X_ROT6_sortmerna_trimmomatic_2	27.2727272727	148.565108003		20640074.0	61.612383532	44.0	
X_ROT7_1	27.2727272727	150.0	0.434240784539	21373050.0	62.7939874709	44.0	
X_ROT7_2	18.1818181818	150.0		21373050.0	62.0454254777	44.0	
X_ROT7_sortmerna_1	27.2727272727	150.0		21241356.0	62.7581696556	44.0	0.37
X_ROT7_sortmerna_2	18.1818181818	150.0		21241356.0	62.0758230678	44.0	
X_ROT7_sortmerna_trimmomatic_1	27.2727272727	148.560629754		20547461.0	62.6877451046	44.0	
X_ROT7_sortmerna_trimmomatic_2	18.1818181818	148.459664335		20547461.0	62.3493743593	44.0	
X_ROT8_1	27.2727272727	150.0	1.34323398499	21579859.0	63.0563477553	44.0	
X_ROT8_2	18.1818181818	150.0		21579859.0	63.0048079454	44.0	
X_ROT8_sortmerna_1	27.2727272727	150.0		21250649.0	62.7852751183	44.0	0.36
X_ROT8_sortmerna_2	18.1818181818	150.0		21250649.0	62.7464736753	44.0	
X_ROT8_sortmerna_trimmomatic_1	27.2727272727	148.509093242		20616190.0	62.7480620493	44.0	
X_ROT8_sortmerna_trimmomatic_2	18.1818181818	148.610599728		20616190.0	63.043609988	44.0	
X_ROT9_1	27.2727272727	150.0	0.469878761062	22647757.0	62.6383500131	44.0	
X_ROT9_2	18.1818181818	150.0		22647757.0	61.4750235867	44.0	
X_ROT9_sortmerna_1	27.2727272727	150.0		22501486.0	62.6096796838	44.0	0.42
X_ROT9_sortmerna_2	18.1818181818	150.0		22501486.0	61.4793292576	44.0	
X_ROT9_sortmerna_trimmomatic_1	27.2727272727	148.486663427		21685369.0	62.5460218749	44.0	
X_ROT9_sortmerna_trimmomatic_2	18.1818181818	148.338830803		21685369.0	61.7679606905	44.0	
X_STA1_1	27.2727272727	150.0	0.418556915586	21852942.0	60.5892516894	44.0	
X_STA1_2	18.1818181818	150.0		21852942.0	59.9372914133	44.0	
X_STA1_sortmerna_1	27.2727272727	150.0		21718915.0	60.5695882987	44.0	0.39
X_STA1_sortmerna_2	18.1818181818	150.0		21718915.0	59.9403228542	44.0	
X_STA1_sortmerna_trimmomatic_1	27.2727272727	148.644787335		21059114.0	60.5352165238	44.0	
X_STA1_sortmerna_trimmomatic_2	18.1818181818	148.537376074		21059114.0	60.2250481444	44.0	
X_STA2_1	27.2727272727	150.0	0.441809465848	21907747.0	61.5794862611	44.0	
X_STA2_2	27.2727272727	150.0		21907747.0	60.9801969773	44.0	
X_STA2_sortmerna_1	27.2727272727	150.0		21768871.0	61.5297438781	44.0	0.4
X_STA2_sortmerna_2	27.2727272727	150.0		21768871.0	60.9821715733	44.0	
X_STA2_sortmerna_trimmomatic_1	27.2727272727	148.499317051		21063797.0	61.4373417507	44.0	
X_STA2_sortmerna_trimmomatic_2	27.2727272727	148.485107837		21063797.0	61.2372144582	44.0	
X_STA3_1	27.2727272727	150.0	0.463222388816	21393396.0	59.7510875184	44.0	
X_STA3_2	27.2727272727	150.0		21393396.0	58.7875673609	44.0	
X_STA3_sortmerna_1	27.2727272727	150.0		21253922.0	59.7298466853	44.0	0.43
X_STA3_sortmerna_2	18.1818181818	150.0		21253922.0	58.7880158856	44.0	
X_STA3_sortmerna_trimmomatic_1	27.2727272727	148.592426178		20493274.0	59.6428724921	44.0	
X_STA3_sortmerna_trimmomatic_2	27.2727272727	148.202399822		20493274.0	58.989915956	44.0	
X_STA4_1	27.2727272727	150.0	0.42318299387	22646704.0	60.8563914008	44.0	
X_STA4_2	18.1818181818	150.0		22646704.0	60.1336517003	44.0	
X_STA4_sortmerna_1	27.2727272727	150.0		22510824.0	60.8485369746	44.0	0.37
X_STA4_sortmerna_2	18.1818181818	150.0		22510824.0	60.1635367355	44.0	
X_STA4_sortmerna_trimmomatic_1	27.2727272727	148.658373924		21773496.0	60.8538089954	44.0	
X_STA4_sortmerna_trimmomatic_2	18.1818181818	148.586995951		21773496.0	60.470373603	44.0	
X_STA5_1	27.2727272727	150.0	0.427580589405	21597566.0	63.1792172453	44.0	
X_STA5_2	27.2727272727	150.0		21597566.0	62.6587272923	44.0	
X_STA5_sortmerna_1	27.2727272727	150.0		21465676.0	63.1690418669	44.0	0.35
X_STA5_sortmerna_2	27.2727272727	150.0		21465676.0	62.642741354	44.0	
X_STA5_sortmerna_trimmomatic_1	27.2727272727	148.553716661		20742773.0	63.0860810897	44.0	
X_STA5_sortmerna_trimmomatic_2	27.2727272727	148.445182956		20742773.0	62.8593962	44.0	
