	14.0	15.0	16.0	17.0	18.0	19.0	20.0	21.0	22.0	23.0	24.0	25.0	26.0	27.0	28.0	29.0	30.0	31.0	32.0	33.0	34.0	35.0	36.0	37.0
P_ROT16_1	19.0	78.0	165.0	308.0	543.0	911.0	1370.0	1973.0	3174.0	5223.0	9266.0	16648.0	29902.0	51041.0	80746.0	121150.0	170636.0	233335.0	319740.0	460330.0	777256.0	2094456.0	15972017.0	1259509.0
	11.0	12.0	13.0	14.0	15.0	16.0	17.0	18.0	19.0	20.0	21.0	22.0	23.0	24.0	25.0	26.0	27.0	28.0	29.0	30.0	31.0	32.0	33.0	34.0	35.0	36.0	37.0
P_ROT16_2	1.0	99.0	408.0	656.0	750.0	1024.0	1486.0	1955.0	2936.0	4261.0	6456.0	9733.0	14276.0	20080.0	27115.0	35452.0	48472.0	67744.0	98035.0	143015.0	214159.0	330940.0	571327.0	1274807.0	4428240.0	13759134.0	547235.0
	14.0	15.0	16.0	17.0	18.0	19.0	20.0	21.0	22.0	23.0	24.0	25.0	26.0	27.0	28.0	29.0	30.0	31.0	32.0	33.0	34.0	35.0	36.0	37.0
P_ROT16_sortmerna_1	16.0	62.0	136.0	241.0	448.0	788.0	1193.0	1730.0	2753.0	4666.0	8522.0	15673.0	28720.0	49708.0	79218.0	119192.0	168185.0	230067.0	315581.0	454134.0	767150.0	2076093.0	15875513.0	1252165.0
	12.0	13.0	14.0	15.0	16.0	17.0	18.0	19.0	20.0	21.0	22.0	23.0	24.0	25.0	26.0	27.0	28.0	29.0	30.0	31.0	32.0	33.0	34.0	35.0	36.0	37.0
P_ROT16_sortmerna_2	92.0	322.0	469.0	516.0	706.0	1088.0	1513.0	2296.0	3484.0	5386.0	8446.0	12696.0	18318.0	25126.0	33427.0	46320.0	65454.0	95578.0	139955.0	209292.0	325651.0	565729.0	1264567.0	4400205.0	13684077.0	541241.0
	25.0	26.0	27.0	28.0	29.0	30.0	31.0	32.0	33.0	34.0	35.0	36.0	37.0
P_ROT16_sortmerna_trimmomatic_1	2.0	63.0	880.0	5646.0	23919.0	69041.0	149022.0	259891.0	419784.0	741578.0	2044973.0	15629853.0	1238355.0
	25.0	26.0	27.0	28.0	29.0	30.0	31.0	32.0	33.0	34.0	35.0	36.0	37.0
P_ROT16_sortmerna_trimmomatic_2	18.0	204.0	1288.0	5480.0	19767.0	55703.0	130203.0	262439.0	521872.0	1223815.0	4323017.0	13510163.0	529038.0
	13.0	14.0	15.0	16.0	17.0	18.0	19.0	20.0	21.0	22.0	23.0	24.0	25.0	26.0	27.0	28.0	29.0	30.0	31.0	32.0	33.0	34.0	35.0	36.0	37.0
P_ROT17_1	1.0	32.0	125.0	227.0	418.0	743.0	1092.0	1565.0	2299.0	3534.0	5616.0	9741.0	17407.0	30508.0	51843.0	81633.0	123019.0	171231.0	236218.0	322081.0	462438.0	771091.0	2068378.0	15825707.0	1284070.0
	11.0	12.0	13.0	14.0	15.0	16.0	17.0	18.0	19.0	20.0	21.0	22.0	23.0	24.0	25.0	26.0	27.0	28.0	29.0	30.0	31.0	32.0	33.0	34.0	35.0	36.0	37.0
P_ROT17_2	7.0	197.0	735.0	955.0	1006.0	1203.0	1548.0	2226.0	3087.0	4588.0	7070.0	10486.0	15801.0	22361.0	30144.0	40098.0	55577.0	77366.0	111237.0	160025.0	238810.0	372689.0	652257.0	1475035.0	4931149.0	12836532.0	418828.0
	13.0	14.0	15.0	16.0	17.0	18.0	19.0	20.0	21.0	22.0	23.0	24.0	25.0	26.0	27.0	28.0	29.0	30.0	31.0	32.0	33.0	34.0	35.0	36.0	37.0
P_ROT17_sortmerna_1	1.0	24.0	103.0	183.0	338.0	625.0	961.0	1387.0	2049.0	3144.0	5079.0	8998.0	16464.0	29328.0	50569.0	80128.0	121122.0	168703.0	232796.0	317798.0	455884.0	762445.0	2050476.0	15724324.0	1275967.0
	11.0	12.0	13.0	14.0	15.0	16.0	17.0	18.0	19.0	20.0	21.0	22.0	23.0	24.0	25.0	26.0	27.0	28.0	29.0	30.0	31.0	32.0	33.0	34.0	35.0	36.0	37.0
P_ROT17_sortmerna_2	6.0	163.0	566.0	648.0	653.0	813.0	1159.0	1681.0	2459.0	3751.0	5958.0	9149.0	14106.0	20595.0	28207.0	38051.0	53312.0	75036.0	108726.0	157261.0	235355.0	368245.0	645868.0	1462993.0	4898793.0	12760278.0	415064.0
	25.0	26.0	27.0	28.0	29.0	30.0	31.0	32.0	33.0	34.0	35.0	36.0	37.0
P_ROT17_sortmerna_trimmomatic_1	3.0	80.0	805.0	5344.0	23174.0	67355.0	148010.0	259264.0	421119.0	740837.0	2029703.0	15522364.0	1264250.0
	25.0	26.0	27.0	28.0	29.0	30.0	31.0	32.0	33.0	34.0	35.0	36.0	37.0
P_ROT17_sortmerna_trimmomatic_2	24.0	236.0	1568.0	6876.0	23912.0	65928.0	151759.0	304135.0	605972.0	1433323.0	4845664.0	12637249.0	405662.0
	13.0	14.0	15.0	16.0	17.0	18.0	19.0	20.0	21.0	22.0	23.0	24.0	25.0	26.0	27.0	28.0	29.0	30.0	31.0	32.0	33.0	34.0	35.0	36.0	37.0
P_ROT18_1	1.0	24.0	91.0	215.0	387.0	650.0	1015.0	1499.0	2181.0	3439.0	5826.0	10389.0	18424.0	32552.0	53497.0	83209.0	123069.0	171604.0	235406.0	328022.0	476079.0	818411.0	2233058.0	16159436.0	1176992.0
	11.0	12.0	13.0	14.0	15.0	16.0	17.0	18.0	19.0	20.0	21.0	22.0	23.0	24.0	25.0	26.0	27.0	28.0	29.0	30.0	31.0	32.0	33.0	34.0	35.0	36.0	37.0
P_ROT18_2	2.0	196.0	715.0	931.0	931.0	1192.0	1625.0	2283.0	3146.0	4579.0	7057.0	10666.0	15541.0	21706.0	28645.0	37585.0	50726.0	70376.0	100745.0	145875.0	217807.0	339125.0	594627.0	1358469.0	4744909.0	13666379.0	509638.0
	13.0	14.0	15.0	16.0	17.0	18.0	19.0	20.0	21.0	22.0	23.0	24.0	25.0	26.0	27.0	28.0	29.0	30.0	31.0	32.0	33.0	34.0	35.0	36.0	37.0
P_ROT18_sortmerna_1	1.0	22.0	70.0	170.0	323.0	571.0	900.0	1313.0	1947.0	3050.0	5264.0	9608.0	17412.0	31354.0	52122.0	81599.0	121248.0	169271.0	232278.0	322752.0	470526.0	810820.0	2216466.0	16069680.0	1170905.0
	11.0	12.0	13.0	14.0	15.0	16.0	17.0	18.0	19.0	20.0	21.0	22.0	23.0	24.0	25.0	26.0	27.0	28.0	29.0	30.0	31.0	32.0	33.0	34.0	35.0	36.0	37.0
P_ROT18_sortmerna_2	2.0	161.0	576.0	663.0	615.0	824.0	1183.0	1766.0	2488.0	3767.0	5933.0	9263.0	13845.0	19761.0	26702.0	35442.0	48466.0	68115.0	98301.0	143269.0	214521.0	334958.0	588639.0	1347983.0	4716502.0	13598941.0	506986.0
	25.0	26.0	27.0	28.0	29.0	30.0	31.0	32.0	33.0	34.0	35.0	36.0	37.0
P_ROT18_sortmerna_trimmomatic_1	5.0	83.0	944.0	5756.0	24528.0	69333.0	150838.0	264381.0	434907.0	789030.0	2195689.0	15888364.0	1160269.0
	25.0	26.0	27.0	28.0	29.0	30.0	31.0	32.0	33.0	34.0	35.0	36.0	37.0
P_ROT18_sortmerna_trimmomatic_2	18.0	206.0	1299.0	5680.0	20227.0	56413.0	133131.0	269520.0	545028.0	1312764.0	4661240.0	13481163.0	497438.0
	13.0	14.0	15.0	16.0	17.0	18.0	19.0	20.0	21.0	22.0	23.0	24.0	25.0	26.0	27.0	28.0	29.0	30.0	31.0	32.0	33.0	34.0	35.0	36.0	37.0
P_ROT19_1	3.0	26.0	111.0	229.0	414.0	755.0	1064.0	1494.0	2220.0	3423.0	5321.0	9184.0	16232.0	28268.0	48731.0	78190.0	117644.0	167526.0	231938.0	319963.0	462708.0	782884.0	2112348.0	16142992.0	1254386.0
	11.0	12.0	13.0	14.0	15.0	16.0	17.0	18.0	19.0	20.0	21.0	22.0	23.0	24.0	25.0	26.0	27.0	28.0	29.0	30.0	31.0	32.0	33.0	34.0	35.0	36.0	37.0
P_ROT19_2	3.0	123.0	497.0	729.0	864.0	1163.0	1650.0	2315.0	3360.0	4726.0	7000.0	10380.0	15434.0	21799.0	29541.0	39605.0	53657.0	76099.0	109830.0	159417.0	238791.0	375174.0	663475.0	1519231.0	5123205.0	12952511.0	377475.0
	13.0	14.0	15.0	16.0	17.0	18.0	19.0	20.0	21.0	22.0	23.0	24.0	25.0	26.0	27.0	28.0	29.0	30.0	31.0	32.0	33.0	34.0	35.0	36.0	37.0
P_ROT19_sortmerna_1	2.0	21.0	81.0	184.0	351.0	633.0	929.0	1342.0	1962.0	3039.0	4788.0	8498.0	15301.0	27199.0	47496.0	76717.0	115838.0	165312.0	229073.0	316322.0	457640.0	774820.0	2096091.0	16059070.0	1248081.0
	11.0	12.0	13.0	14.0	15.0	16.0	17.0	18.0	19.0	20.0	21.0	22.0	23.0	24.0	25.0	26.0	27.0	28.0	29.0	30.0	31.0	32.0	33.0	34.0	35.0	36.0	37.0
P_ROT19_sortmerna_2	2.0	100.0	402.0	530.0	600.0	826.0	1241.0	1832.0	2650.0	3839.0	5881.0	9031.0	13860.0	19937.0	27616.0	37610.0	51548.0	73913.0	107556.0	156775.0	235605.0	370934.0	657528.0	1508443.0	5095585.0	12892962.0	373984.0
	25.0	26.0	27.0	28.0	29.0	30.0	31.0	32.0	33.0	34.0	35.0	36.0	37.0
P_ROT19_sortmerna_trimmomatic_1	1.0	74.0	799.0	5194.0	22245.0	65134.0	144102.0	256266.0	422403.0	753339.0	2081400.0	15895597.0	1240514.0
	24.0	25.0	26.0	27.0	28.0	29.0	30.0	31.0	32.0	33.0	34.0	35.0	36.0	37.0
P_ROT19_sortmerna_trimmomatic_2	1.0	23.0	223.0	1551.0	6671.0	23631.0	65636.0	152116.0	306975.0	619697.0	1481472.0	5053543.0	12807444.0	368085.0
	13.0	14.0	15.0	16.0	17.0	18.0	19.0	20.0	21.0	22.0	23.0	24.0	25.0	26.0	27.0	28.0	29.0	30.0	31.0	32.0	33.0	34.0	35.0	36.0	37.0
P_ROT20_1	1.0	49.0	134.0	271.0	493.0	869.0	1217.0	1775.0	2599.0	4007.0	6569.0	11626.0	20803.0	36316.0	59744.0	91569.0	134231.0	184456.0	249162.0	338725.0	489432.0	826889.0	2230461.0	16676883.0	1314020.0
	11.0	12.0	13.0	14.0	15.0	16.0	17.0	18.0	19.0	20.0	21.0	22.0	23.0	24.0	25.0	26.0	27.0	28.0	29.0	30.0	31.0	32.0	33.0	34.0	35.0	36.0	37.0
P_ROT20_2	8.0	215.0	791.0	955.0	1099.0	1284.0	1719.0	2457.0	3484.0	5103.0	7703.0	11856.0	17649.0	24729.0	33404.0	43393.0	58134.0	79068.0	111934.0	162635.0	243002.0	381809.0	669105.0	1511830.0	5099136.0	13751211.0	458588.0
	13.0	14.0	15.0	16.0	17.0	18.0	19.0	20.0	21.0	22.0	23.0	24.0	25.0	26.0	27.0	28.0	29.0	30.0	31.0	32.0	33.0	34.0	35.0	36.0	37.0
P_ROT20_sortmerna_1	1.0	38.0	108.0	217.0	419.0	712.0	1051.0	1584.0	2351.0	3573.0	5977.0	10881.0	19813.0	35147.0	58319.0	90000.0	132226.0	181835.0	245927.0	334691.0	483968.0	818175.0	2211694.0	16574712.0	1306075.0
	11.0	12.0	13.0	14.0	15.0	16.0	17.0	18.0	19.0	20.0	21.0	22.0	23.0	24.0	25.0	26.0	27.0	28.0	29.0	30.0	31.0	32.0	33.0	34.0	35.0	36.0	37.0
P_ROT20_sortmerna_2	8.0	183.0	619.0	652.0	697.0	879.0	1237.0	1882.0	2760.0	4176.0	6559.0	10403.0	15911.0	22900.0	31353.0	41203.0	55908.0	76767.0	109545.0	159909.0	239704.0	377529.0	662608.0	1499906.0	5067685.0	13675986.0	452525.0
	25.0	26.0	27.0	28.0	29.0	30.0	31.0	32.0	33.0	34.0	35.0	36.0	37.0
P_ROT20_sortmerna_trimmomatic_1	6.0	99.0	1056.0	6248.0	26421.0	74953.0	160312.0	276254.0	451676.0	801740.0	2206710.0	16456387.0	1302078.0
	24.0	25.0	26.0	27.0	28.0	29.0	30.0	31.0	32.0	33.0	34.0	35.0	36.0	37.0
P_ROT20_sortmerna_trimmomatic_2	2.0	27.0	255.0	1491.0	6635.0	23287.0	64857.0	151772.0	310845.0	625450.0	1482962.0	5041631.0	13608392.0	446334.0
	13.0	14.0	15.0	16.0	17.0	18.0	19.0	20.0	21.0	22.0	23.0	24.0	25.0	26.0	27.0	28.0	29.0	30.0	31.0	32.0	33.0	34.0	35.0	36.0	37.0
P_STA11_1	4.0	42.0	117.0	317.0	496.0	845.0	1272.0	1771.0	2571.0	3966.0	6683.0	11573.0	20831.0	36093.0	59587.0	91930.0	134410.0	185522.0	248447.0	335565.0	478223.0	799347.0	2087736.0	14626761.0	1171749.0
	11.0	12.0	13.0	14.0	15.0	16.0	17.0	18.0	19.0	20.0	21.0	22.0	23.0	24.0	25.0	26.0	27.0	28.0	29.0	30.0	31.0	32.0	33.0	34.0	35.0	36.0	37.0
P_STA11_2	6.0	231.0	790.0	1034.0	1193.0	1470.0	1997.0	2737.0	3610.0	5008.0	7085.0	10512.0	16113.0	23322.0	31861.0	42161.0	57150.0	79695.0	114105.0	165575.0	244389.0	377082.0	651993.0	1417228.0	4505928.0	12084627.0	458956.0
	13.0	14.0	15.0	16.0	17.0	18.0	19.0	20.0	21.0	22.0	23.0	24.0	25.0	26.0	27.0	28.0	29.0	30.0	31.0	32.0	33.0	34.0	35.0	36.0	37.0
P_STA11_sortmerna_1	3.0	31.0	95.0	259.0	415.0	715.0	1081.0	1555.0	2279.0	3551.0	6057.0	10719.0	19737.0	34863.0	58173.0	90275.0	132462.0	182889.0	245022.0	331134.0	471719.0	788185.0	2071766.0	14550853.0	1166130.0
	11.0	12.0	13.0	14.0	15.0	16.0	17.0	18.0	19.0	20.0	21.0	22.0	23.0	24.0	25.0	26.0	27.0	28.0	29.0	30.0	31.0	32.0	33.0	34.0	35.0	36.0	37.0
P_STA11_sortmerna_2	5.0	191.0	620.0	716.0	752.0	1007.0	1488.0	2078.0	2814.0	4059.0	5907.0	9082.0	14482.0	21532.0	29901.0	39997.0	54762.0	77017.0	111099.0	161903.0	239915.0	372271.0	646084.0	1407336.0	4481610.0	12027034.0	456306.0
	25.0	26.0	27.0	28.0	29.0	30.0	31.0	32.0	33.0	34.0	35.0	36.0	37.0
P_STA11_sortmerna_trimmomatic_1	1.0	90.0	908.0	5925.0	26259.0	76124.0	161715.0	277115.0	444875.0	778904.0	2071393.0	14414866.0	1159035.0
	25.0	26.0	27.0	28.0	29.0	30.0	31.0	32.0	33.0	34.0	35.0	36.0	37.0
P_STA11_sortmerna_trimmomatic_2	23.0	260.0	1538.0	6631.0	24023.0	67028.0	154774.0	309454.0	612408.0	1392280.0	4455866.0	11943386.0	449539.0
	13.0	14.0	15.0	16.0	17.0	18.0	19.0	20.0	21.0	22.0	23.0	24.0	25.0	26.0	27.0	28.0	29.0	30.0	31.0	32.0	33.0	34.0	35.0	36.0	37.0
P_STA12_1	1.0	30.0	135.0	221.0	412.0	705.0	1094.0	1523.0	2211.0	3382.0	5971.0	10373.0	18330.0	32067.0	54675.0	86460.0	129071.0	180860.0	246262.0	339044.0	484758.0	806858.0	2144848.0	16452314.0	1349459.0
	11.0	12.0	13.0	14.0	15.0	16.0	17.0	18.0	19.0	20.0	21.0	22.0	23.0	24.0	25.0	26.0	27.0	28.0	29.0	30.0	31.0	32.0	33.0	34.0	35.0	36.0	37.0
P_STA12_2	5.0	306.0	1017.0	1183.0	1246.0	1425.0	1957.0	2736.0	3738.0	5457.0	7942.0	12474.0	18993.0	27578.0	37335.0	49564.0	67367.0	93326.0	133337.0	191501.0	285915.0	446206.0	794420.0	1836624.0	5863198.0	12184554.0	281660.0
	13.0	14.0	15.0	16.0	17.0	18.0	19.0	20.0	21.0	22.0	23.0	24.0	25.0	26.0	27.0	28.0	29.0	30.0	31.0	32.0	33.0	34.0	35.0	36.0	37.0
P_STA12_sortmerna_1	1.0	17.0	112.0	185.0	323.0	600.0	952.0	1313.0	1908.0	2944.0	5341.0	9612.0	17345.0	30973.0	53327.0	84954.0	127069.0	178289.0	242911.0	333173.0	476097.0	798200.0	2128542.0	16365475.0	1342688.0
	11.0	12.0	13.0	14.0	15.0	16.0	17.0	18.0	19.0	20.0	21.0	22.0	23.0	24.0	25.0	26.0	27.0	28.0	29.0	30.0	31.0	32.0	33.0	34.0	35.0	36.0	37.0
P_STA12_sortmerna_2	4.0	280.0	801.0	793.0	781.0	959.0	1436.0	2094.0	2924.0	4476.0	6680.0	10958.0	17127.0	25538.0	35164.0	47249.0	64825.0	90721.0	130441.0	187711.0	280179.0	440471.0	787606.0	1824323.0	5832482.0	12126427.0	279901.0
	25.0	26.0	27.0	28.0	29.0	30.0	31.0	32.0	33.0	34.0	35.0	36.0	37.0
P_STA12_sortmerna_trimmomatic_1	3.0	71.0	809.0	5223.0	23315.0	68619.0	149929.0	266405.0	438337.0	777674.0	2120308.0	16254086.0	1337795.0
	25.0	26.0	27.0	28.0	29.0	30.0	31.0	32.0	33.0	34.0	35.0	36.0	37.0
P_STA12_sortmerna_trimmomatic_2	33.0	351.0	2044.0	8620.0	29780.0	81637.0	185562.0	371675.0	754194.0	1810970.0	5821197.0	12099455.0	277056.0
	14.0	15.0	16.0	17.0	18.0	19.0	20.0	21.0	22.0	23.0	24.0	25.0	26.0	27.0	28.0	29.0	30.0	31.0	32.0	33.0	34.0	35.0	36.0	37.0
P_STA13_1	14.0	68.0	174.0	298.0	492.0	951.0	1217.0	1924.0	2907.0	5038.0	8994.0	16459.0	29322.0	49607.0	78907.0	118571.0	167272.0	230517.0	320186.0	459864.0	777646.0	2120771.0	16171716.0	1237424.0
	11.0	12.0	13.0	14.0	15.0	16.0	17.0	18.0	19.0	20.0	21.0	22.0	23.0	24.0	25.0	26.0	27.0	28.0	29.0	30.0	31.0	32.0	33.0	34.0	35.0	36.0	37.0
P_STA13_2	7.0	236.0	740.0	874.0	889.0	1114.0	1539.0	1986.0	2898.0	4289.0	6601.0	10569.0	15684.0	22067.0	29563.0	39474.0	53846.0	75558.0	108733.0	157988.0	235819.0	369864.0	658823.0	1525012.0	5180776.0	12928617.0	366773.0
	14.0	15.0	16.0	17.0	18.0	19.0	20.0	21.0	22.0	23.0	24.0	25.0	26.0	27.0	28.0	29.0	30.0	31.0	32.0	33.0	34.0	35.0	36.0	37.0
P_STA13_sortmerna_1	11.0	52.0	136.0	234.0	395.0	801.0	1052.0	1692.0	2552.0	4522.0	8360.0	15526.0	28225.0	48382.0	77457.0	116760.0	164984.0	227376.0	314266.0	454023.0	770539.0	2104691.0	16084903.0	1231107.0
	11.0	12.0	13.0	14.0	15.0	16.0	17.0	18.0	19.0	20.0	21.0	22.0	23.0	24.0	25.0	26.0	27.0	28.0	29.0	30.0	31.0	32.0	33.0	34.0	35.0	36.0	37.0
P_STA13_sortmerna_2	7.0	201.0	586.0	607.0	557.0	779.0	1155.0	1520.0	2300.0	3529.0	5598.0	9312.0	14245.0	20486.0	27936.0	37719.0	51970.0	73513.0	106412.0	155224.0	231490.0	365353.0	652787.0	1514124.0	5152207.0	12866241.0	362188.0
	25.0	26.0	27.0	28.0	29.0	30.0	31.0	32.0	33.0	34.0	35.0	36.0	37.0
P_STA13_sortmerna_trimmomatic_1	12.0	77.0	793.0	5109.0	22242.0	65841.0	143112.0	254409.0	418134.0	750008.0	2090695.0	15951395.0	1226070.0
	24.0	25.0	26.0	27.0	28.0	29.0	30.0	31.0	32.0	33.0	34.0	35.0	36.0	37.0
P_STA13_sortmerna_trimmomatic_2	1.0	22.0	244.0	1512.0	6580.0	23560.0	64977.0	149681.0	302538.0	613995.0	1487988.0	5116571.0	12802908.0	357320.0
	13.0	14.0	15.0	16.0	17.0	18.0	19.0	20.0	21.0	22.0	23.0	24.0	25.0	26.0	27.0	28.0	29.0	30.0	31.0	32.0	33.0	34.0	35.0	36.0	37.0
P_STA14_1	1.0	27.0	83.0	235.0	413.0	630.0	1072.0	1497.0	2232.0	3457.0	5732.0	10122.0	17769.0	31172.0	52725.0	83105.0	123507.0	172696.0	235898.0	325378.0	468005.0	789337.0	2133664.0	15982023.0	1202395.0
	11.0	12.0	13.0	14.0	15.0	16.0	17.0	18.0	19.0	20.0	21.0	22.0	23.0	24.0	25.0	26.0	27.0	28.0	29.0	30.0	31.0	32.0	33.0	34.0	35.0	36.0	37.0
P_STA14_2	5.0	200.0	848.0	1271.0	1232.0	1497.0	1941.0	2598.0	3573.0	5037.0	7537.0	11479.0	17682.0	25318.0	33985.0	45137.0	61335.0	84867.0	121479.0	173932.0	258128.0	403351.0	714612.0	1641895.0	5403432.0	12295687.0	325117.0
	14.0	15.0	16.0	17.0	18.0	19.0	20.0	21.0	22.0	23.0	24.0	25.0	26.0	27.0	28.0	29.0	30.0	31.0	32.0	33.0	34.0	35.0	36.0	37.0
P_STA14_sortmerna_1	17.0	63.0	177.0	330.0	521.0	942.0	1338.0	1970.0	3068.0	5132.0	9272.0	16725.0	29986.0	51336.0	81507.0	121637.0	170226.0	232619.0	321122.0	462112.0	779417.0	2115411.0	15892925.0	1195933.0
	11.0	12.0	13.0	14.0	15.0	16.0	17.0	18.0	19.0	20.0	21.0	22.0	23.0	24.0	25.0	26.0	27.0	28.0	29.0	30.0	31.0	32.0	33.0	34.0	35.0	36.0	37.0
P_STA14_sortmerna_2	5.0	177.0	674.0	926.0	819.0	967.0	1382.0	1926.0	2768.0	4045.0	6239.0	9891.0	15752.0	23090.0	31757.0	42654.0	58748.0	82062.0	118690.0	170772.0	253773.0	398188.0	708025.0	1629852.0	5373119.0	12234519.0	322966.0
	24.0	25.0	26.0	27.0	28.0	29.0	30.0	31.0	32.0	33.0	34.0	35.0	36.0	37.0
P_STA14_sortmerna_trimmomatic_1	1.0	3.0	77.0	798.0	5165.0	22633.0	65817.0	144576.0	257541.0	424273.0	758276.0	2102561.0	15760980.0	1190735.0
	25.0	26.0	27.0	28.0	29.0	30.0	31.0	32.0	33.0	34.0	35.0	36.0	37.0
P_STA14_sortmerna_trimmomatic_2	39.0	269.0	1732.0	7617.0	26307.0	72504.0	165972.0	333248.0	672669.0	1610057.0	5342175.0	12181811.0	319036.0
	13.0	14.0	15.0	16.0	17.0	18.0	19.0	20.0	21.0	22.0	23.0	24.0	25.0	26.0	27.0	28.0	29.0	30.0	31.0	32.0	33.0	34.0	35.0	36.0	37.0
P_STA15_1	2.0	18.0	79.0	206.0	404.0	642.0	963.0	1453.0	2207.0	3438.0	5664.0	9850.0	17795.0	32111.0	54660.0	87373.0	132014.0	184829.0	251972.0	344076.0	490343.0	824757.0	2204061.0	16665283.0	1337334.0
	11.0	12.0	13.0	14.0	15.0	16.0	17.0	18.0	19.0	20.0	21.0	22.0	23.0	24.0	25.0	26.0	27.0	28.0	29.0	30.0	31.0	32.0	33.0	34.0	35.0	36.0	37.0
P_STA15_2	2.0	237.0	790.0	1033.0	1079.0	1348.0	1859.0	2561.0	3596.0	5203.0	7721.0	11575.0	16912.0	24202.0	32932.0	44003.0	59796.0	84191.0	121084.0	175074.0	260594.0	403745.0	701056.0	1564570.0	5159041.0	13517685.0	449645.0
	13.0	14.0	15.0	16.0	17.0	18.0	19.0	20.0	21.0	22.0	23.0	24.0	25.0	26.0	27.0	28.0	29.0	30.0	31.0	32.0	33.0	34.0	35.0	36.0	37.0
P_STA15_sortmerna_1	2.0	11.0	61.0	165.0	324.0	540.0	839.0	1263.0	1940.0	3016.0	5105.0	9027.0	16752.0	30852.0	53316.0	85746.0	130030.0	182490.0	248686.0	339946.0	484776.0	815069.0	2183572.0	16569818.0	1330082.0
	11.0	12.0	13.0	14.0	15.0	16.0	17.0	18.0	19.0	20.0	21.0	22.0	23.0	24.0	25.0	26.0	27.0	28.0	29.0	30.0	31.0	32.0	33.0	34.0	35.0	36.0	37.0
P_STA15_sortmerna_2	2.0	208.0	622.0	733.0	723.0	913.0	1344.0	1953.0	2849.0	4227.0	6508.0	10004.0	15138.0	22097.0	30754.0	41559.0	57221.0	81467.0	118209.0	171807.0	256147.0	397843.0	694140.0	1552906.0	5128988.0	13447960.0	447106.0
	25.0	26.0	27.0	28.0	29.0	30.0	31.0	32.0	33.0	34.0	35.0	36.0	37.0
P_STA15_sortmerna_trimmomatic_1	2.0	84.0	914.0	5762.0	25482.0	73780.0	160595.0	280175.0	452512.0	796917.0	2170705.0	16415215.0	1322317.0
	25.0	26.0	27.0	28.0	29.0	30.0	31.0	32.0	33.0	34.0	35.0	36.0	37.0
P_STA15_sortmerna_trimmomatic_2	31.0	249.0	1703.0	7395.0	26216.0	72427.0	168355.0	333097.0	658543.0	1533833.0	5094628.0	13367692.0	440291.0
	13.0	14.0	15.0	16.0	17.0	18.0	19.0	20.0	21.0	22.0	23.0	24.0	25.0	26.0	27.0	28.0	29.0	30.0	31.0	32.0	33.0	34.0	35.0	36.0	37.0
X_ROT10_1	5.0	33.0	138.0	263.0	454.0	686.0	1208.0	1648.0	2393.0	3962.0	6457.0	11829.0	20733.0	35765.0	59571.0	93896.0	138310.0	191701.0	259691.0	352828.0	504569.0	846595.0	2245774.0	16500609.0	1285815.0
	11.0	12.0	13.0	14.0	15.0	16.0	17.0	18.0	19.0	20.0	21.0	22.0	23.0	24.0	25.0	26.0	27.0	28.0	29.0	30.0	31.0	32.0	33.0	34.0	35.0	36.0	37.0
X_ROT10_2	5.0	213.0	697.0	862.0	918.0	1221.0	1707.0	2406.0	3209.0	4852.0	7440.0	11653.0	17538.0	25402.0	34403.0	45696.0	62064.0	86312.0	121862.0	175976.0	260936.0	403451.0	700255.0	1581432.0	5263033.0	13337793.0	413597.0
	13.0	14.0	15.0	16.0	17.0	18.0	19.0	20.0	21.0	22.0	23.0	24.0	25.0	26.0	27.0	28.0	29.0	30.0	31.0	32.0	33.0	34.0	35.0	36.0	37.0
X_ROT10_sortmerna_1	3.0	26.0	107.0	215.0	386.0	563.0	1040.0	1446.0	2097.0	3465.0	5809.0	10890.0	19585.0	34475.0	58146.0	92259.0	136177.0	188940.0	256260.0	348583.0	497293.0	835895.0	2228704.0	16419137.0	1279946.0
	11.0	12.0	13.0	14.0	15.0	16.0	17.0	18.0	19.0	20.0	21.0	22.0	23.0	24.0	25.0	26.0	27.0	28.0	29.0	30.0	31.0	32.0	33.0	34.0	35.0	36.0	37.0
X_ROT10_sortmerna_2	5.0	185.0	550.0	613.0	605.0	851.0	1279.0	1892.0	2575.0	4025.0	6264.0	10197.0	15711.0	23340.0	32184.0	43189.0	59321.0	83386.0	118751.0	172245.0	255180.0	396997.0	694205.0	1570826.0	5236732.0	13279286.0	411053.0
	25.0	26.0	27.0	28.0	29.0	30.0	31.0	32.0	33.0	34.0	35.0	36.0	37.0
X_ROT10_sortmerna_trimmomatic_1	4.0	99.0	988.0	6343.0	26848.0	77047.0	165914.0	287431.0	464386.0	817255.0	2221885.0	16308116.0	1276720.0
	24.0	25.0	26.0	27.0	28.0	29.0	30.0	31.0	32.0	33.0	34.0	35.0	36.0	37.0
X_ROT10_sortmerna_trimmomatic_2	2.0	27.0	257.0	1602.0	7301.0	25470.0	70610.0	164121.0	329174.0	658508.0	1554709.0	5209831.0	13224398.0	407026.0
	13.0	14.0	15.0	16.0	17.0	18.0	19.0	20.0	21.0	22.0	23.0	24.0	25.0	26.0	27.0	28.0	29.0	30.0	31.0	32.0	33.0	34.0	35.0	36.0	37.0
X_ROT6_1	3.0	30.0	96.0	202.0	390.0	651.0	881.0	1377.0	2124.0	3425.0	5832.0	9919.0	17632.0	30714.0	51319.0	81354.0	121619.0	169839.0	232564.0	316494.0	454402.0	768463.0	2080742.0	15947151.0	1237311.0
	11.0	12.0	13.0	14.0	15.0	16.0	17.0	18.0	19.0	20.0	21.0	22.0	23.0	24.0	25.0	26.0	27.0	28.0	29.0	30.0	31.0	32.0	33.0	34.0	35.0	36.0	37.0
X_ROT6_2	7.0	184.0	671.0	962.0	1043.0	1211.0	1720.0	2243.0	3080.0	4568.0	6786.0	10395.0	15531.0	21893.0	29207.0	38308.0	52331.0	72193.0	102134.0	149218.0	220755.0	339188.0	586591.0	1303081.0	4492515.0	13545372.0	533347.0
	13.0	14.0	15.0	16.0	17.0	18.0	19.0	20.0	21.0	22.0	23.0	24.0	25.0	26.0	27.0	28.0	29.0	30.0	31.0	32.0	33.0	34.0	35.0	36.0	37.0
X_ROT6_sortmerna_1	2.0	24.0	67.0	158.0	334.0	553.0	771.0	1213.0	1868.0	3031.0	5225.0	9133.0	16622.0	29579.0	50023.0	79868.0	119768.0	167562.0	229433.0	312550.0	448555.0	759138.0	2065301.0	15874561.0	1232270.0
	11.0	12.0	13.0	14.0	15.0	16.0	17.0	18.0	19.0	20.0	21.0	22.0	23.0	24.0	25.0	26.0	27.0	28.0	29.0	30.0	31.0	32.0	33.0	34.0	35.0	36.0	37.0
X_ROT6_sortmerna_2	7.0	160.0	534.0	673.0	706.0	824.0	1268.0	1684.0	2385.0	3641.0	5672.0	8872.0	13755.0	19883.0	26914.0	35873.0	49616.0	69404.0	99023.0	145081.0	216352.0	335352.0	581503.0	1294482.0	4470770.0	13492211.0	530964.0
	25.0	26.0	27.0	28.0	29.0	30.0	31.0	32.0	33.0	34.0	35.0	36.0	37.0
X_ROT6_sortmerna_trimmomatic_1	5.0	89.0	874.0	5676.0	23850.0	69302.0	149239.0	259370.0	419849.0	738715.0	2047062.0	15702053.0	1223990.0
	24.0	25.0	26.0	27.0	28.0	29.0	30.0	31.0	32.0	33.0	34.0	35.0	36.0	37.0
X_ROT6_sortmerna_trimmomatic_2	1.0	18.0	198.0	1260.0	5648.0	20514.0	57716.0	135142.0	273026.0	542359.0	1268864.0	4426405.0	13386063.0	522860.0
	13.0	14.0	15.0	16.0	17.0	18.0	19.0	20.0	21.0	22.0	23.0	24.0	25.0	26.0	27.0	28.0	29.0	30.0	31.0	32.0	33.0	34.0	35.0	36.0	37.0
X_ROT7_1	4.0	37.0	94.0	218.0	395.0	642.0	937.0	1420.0	2053.0	3445.0	5659.0	9538.0	16903.0	29134.0	49411.0	79075.0	118845.0	166710.0	228840.0	314734.0	452306.0	761443.0	2070133.0	15845801.0	1215273.0
	11.0	12.0	13.0	14.0	15.0	16.0	17.0	18.0	19.0	20.0	21.0	22.0	23.0	24.0	25.0	26.0	27.0	28.0	29.0	30.0	31.0	32.0	33.0	34.0	35.0	36.0	37.0
X_ROT7_2	8.0	238.0	763.0	989.0	1019.0	1271.0	1671.0	2215.0	3152.0	4695.0	7050.0	11364.0	16604.0	23443.0	31599.0	41751.0	56351.0	77493.0	109688.0	158570.0	234484.0	359134.0	619499.0	1386868.0	4719891.0	13106356.0	396884.0
	13.0	14.0	15.0	16.0	17.0	18.0	19.0	20.0	21.0	22.0	23.0	24.0	25.0	26.0	27.0	28.0	29.0	30.0	31.0	32.0	33.0	34.0	35.0	36.0	37.0
X_ROT7_sortmerna_1	1.0	26.0	73.0	172.0	322.0	544.0	809.0	1248.0	1790.0	3018.0	5038.0	8772.0	15873.0	27928.0	48082.0	77583.0	116997.0	164255.0	225786.0	310840.0	446794.0	751624.0	2053270.0	15770589.0	1209922.0
	11.0	12.0	13.0	14.0	15.0	16.0	17.0	18.0	19.0	20.0	21.0	22.0	23.0	24.0	25.0	26.0	27.0	28.0	29.0	30.0	31.0	32.0	33.0	34.0	35.0	36.0	37.0
X_ROT7_sortmerna_2	8.0	191.0	595.0	708.0	656.0	872.0	1192.0	1711.0	2472.0	3835.0	5978.0	9862.0	14885.0	21457.0	29392.0	39331.0	53785.0	74908.0	106830.0	154573.0	228379.0	354495.0	614129.0	1377393.0	4696459.0	13052509.0	394751.0
	25.0	26.0	27.0	28.0	29.0	30.0	31.0	32.0	33.0	34.0	35.0	36.0	37.0
X_ROT7_sortmerna_trimmomatic_1	4.0	69.0	776.0	5049.0	22514.0	65155.0	143159.0	253142.0	415523.0	735691.0	2042857.0	15656413.0	1207109.0
	24.0	25.0	26.0	27.0	28.0	29.0	30.0	31.0	32.0	33.0	34.0	35.0	36.0	37.0
X_ROT7_sortmerna_trimmomatic_2	2.0	39.0	238.0	1537.0	6559.0	23226.0	64139.0	148327.0	294996.0	584133.0	1363094.0	4672609.0	12997673.0	390889.0
	13.0	14.0	15.0	16.0	17.0	18.0	19.0	20.0	21.0	22.0	23.0	24.0	25.0	26.0	27.0	28.0	29.0	30.0	31.0	32.0	33.0	34.0	35.0	36.0	37.0
X_ROT8_1	6.0	45.0	94.0	219.0	396.0	666.0	1048.0	1464.0	2232.0	3425.0	5782.0	10341.0	17982.0	31462.0	52550.0	82798.0	123154.0	171778.0	233162.0	319733.0	460217.0	781241.0	2094494.0	15911048.0	1274522.0
	11.0	12.0	13.0	14.0	15.0	16.0	17.0	18.0	19.0	20.0	21.0	22.0	23.0	24.0	25.0	26.0	27.0	28.0	29.0	30.0	31.0	32.0	33.0	34.0	35.0	36.0	37.0
X_ROT8_2	3.0	125.0	586.0	904.0	969.0	1259.0	1598.0	2152.0	2992.0	4259.0	6748.0	10140.0	15521.0	21353.0	28952.0	37651.0	50760.0	69603.0	99150.0	143155.0	212799.0	329837.0	574924.0	1281742.0	4447249.0	13745879.0	489549.0
	13.0	14.0	15.0	16.0	17.0	18.0	19.0	20.0	21.0	22.0	23.0	24.0	25.0	26.0	27.0	28.0	29.0	30.0	31.0	32.0	33.0	34.0	35.0	36.0	37.0
X_ROT8_sortmerna_1	6.0	26.0	71.0	171.0	334.0	571.0	916.0	1258.0	1950.0	2995.0	5160.0	9439.0	16838.0	29991.0	50692.0	80549.0	120281.0	167809.0	227835.0	312942.0	450150.0	764498.0	2057389.0	15693277.0	1255501.0
	11.0	12.0	13.0	14.0	15.0	16.0	17.0	18.0	19.0	20.0	21.0	22.0	23.0	24.0	25.0	26.0	27.0	28.0	29.0	30.0	31.0	32.0	33.0	34.0	35.0	36.0	37.0
X_ROT8_sortmerna_2	3.0	107.0	477.0	658.0	639.0	855.0	1107.0	1593.0	2337.0	3391.0	5581.0	8605.0	13529.0	19210.0	26468.0	34921.0	47889.0	66509.0	95852.0	138792.0	206787.0	323622.0	565378.0	1262637.0	4388722.0	13553671.0	481309.0
	25.0	26.0	27.0	28.0	29.0	30.0	31.0	32.0	33.0	34.0	35.0	36.0	37.0
X_ROT8_sortmerna_trimmomatic_1	3.0	99.0	971.0	5639.0	24652.0	69744.0	149889.0	260444.0	423099.0	752454.0	2056936.0	15617506.0	1254754.0
	25.0	26.0	27.0	28.0	29.0	30.0	31.0	32.0	33.0	34.0	35.0	36.0	37.0
X_ROT8_sortmerna_trimmomatic_2	19.0	186.0	1272.0	5518.0	19537.0	55064.0	128617.0	263749.0	530723.0	1245821.0	4366180.0	13520489.0	479015.0
	13.0	14.0	15.0	16.0	17.0	18.0	19.0	20.0	21.0	22.0	23.0	24.0	25.0	26.0	27.0	28.0	29.0	30.0	31.0	32.0	33.0	34.0	35.0	36.0	37.0
X_ROT9_1	4.0	39.0	137.0	268.0	427.0	715.0	1030.0	1496.0	2344.0	3756.0	6313.0	11282.0	20396.0	35391.0	58326.0	91533.0	134578.0	187453.0	253290.0	346069.0	493563.0	830231.0	2199013.0	16629472.0	1340631.0
	11.0	12.0	13.0	14.0	15.0	16.0	17.0	18.0	19.0	20.0	21.0	22.0	23.0	24.0	25.0	26.0	27.0	28.0	29.0	30.0	31.0	32.0	33.0	34.0	35.0	36.0	37.0
X_ROT9_2	5.0	246.0	794.0	975.0	1091.0	1262.0	1794.0	2544.0	3522.0	5120.0	7990.0	12401.0	18946.0	27374.0	36823.0	48230.0	65723.0	88772.0	125839.0	181132.0	267780.0	413785.0	726402.0	1635936.0	5362546.0	13234601.0	376124.0
	13.0	14.0	15.0	16.0	17.0	18.0	19.0	20.0	21.0	22.0	23.0	24.0	25.0	26.0	27.0	28.0	29.0	30.0	31.0	32.0	33.0	34.0	35.0	36.0	37.0
X_ROT9_sortmerna_1	2.0	31.0	101.0	213.0	361.0	604.0	897.0	1314.0	2057.0	3345.0	5744.0	10394.0	19271.0	34054.0	56752.0	89787.0	132498.0	184998.0	250160.0	341906.0	487884.0	820000.0	2181080.0	16543897.0	1334136.0
	11.0	12.0	13.0	14.0	15.0	16.0	17.0	18.0	19.0	20.0	21.0	22.0	23.0	24.0	25.0	26.0	27.0	28.0	29.0	30.0	31.0	32.0	33.0	34.0	35.0	36.0	37.0
X_ROT9_sortmerna_2	4.0	209.0	624.0	651.0	679.0	895.0	1344.0	1954.0	2770.0	4241.0	6688.0	10905.0	17090.0	25209.0	34444.0	45690.0	62873.0	85937.0	122613.0	177345.0	262901.0	408676.0	720091.0	1625004.0	5335217.0	13173601.0	373831.0
	25.0	26.0	27.0	28.0	29.0	30.0	31.0	32.0	33.0	34.0	35.0	36.0	37.0
X_ROT9_sortmerna_trimmomatic_1	9.0	92.0	881.0	5985.0	25734.0	73538.0	159386.0	279983.0	452109.0	798658.0	2169303.0	16393313.0	1326378.0
	24.0	25.0	26.0	27.0	28.0	29.0	30.0	31.0	32.0	33.0	34.0	35.0	36.0	37.0
X_ROT9_sortmerna_trimmomatic_2	2.0	26.0	306.0	1834.0	7611.0	27079.0	73998.0	171110.0	340735.0	685489.0	1605831.0	5303509.0	13098940.0	368899.0
	13.0	14.0	15.0	16.0	17.0	18.0	19.0	20.0	21.0	22.0	23.0	24.0	25.0	26.0	27.0	28.0	29.0	30.0	31.0	32.0	33.0	34.0	35.0	36.0	37.0
X_STA1_1	2.0	29.0	98.0	174.0	317.0	547.0	854.0	1263.0	1992.0	3049.0	5358.0	9720.0	17429.0	30263.0	50291.0	78981.0	117436.0	164469.0	225643.0	311067.0	444782.0	748612.0	2028255.0	16304791.0	1307520.0
	11.0	12.0	13.0	14.0	15.0	16.0	17.0	18.0	19.0	20.0	21.0	22.0	23.0	24.0	25.0	26.0	27.0	28.0	29.0	30.0	31.0	32.0	33.0	34.0	35.0	36.0	37.0
X_STA1_2	6.0	159.0	696.0	962.0	1067.0	1224.0	1635.0	2236.0	3029.0	4414.0	6998.0	10940.0	16544.0	23405.0	31159.0	41218.0	55782.0	75682.0	106790.0	153018.0	227120.0	351794.0	611365.0	1388049.0	4850993.0	13480030.0	406627.0
	13.0	14.0	15.0	16.0	17.0	18.0	19.0	20.0	21.0	22.0	23.0	24.0	25.0	26.0	27.0	28.0	29.0	30.0	31.0	32.0	33.0	34.0	35.0	36.0	37.0
X_STA1_sortmerna_1	2.0	18.0	73.0	147.0	266.0	471.0	752.0	1103.0	1763.0	2736.0	4766.0	8906.0	16366.0	29096.0	48914.0	77493.0	115584.0	162178.0	222434.0	304851.0	437956.0	741780.0	2014483.0	16225189.0	1301588.0
	11.0	12.0	13.0	14.0	15.0	16.0	17.0	18.0	19.0	20.0	21.0	22.0	23.0	24.0	25.0	26.0	27.0	28.0	29.0	30.0	31.0	32.0	33.0	34.0	35.0	36.0	37.0
X_STA1_sortmerna_2	5.0	140.0	572.0	731.0	702.0	840.0	1155.0	1635.0	2331.0	3527.0	5832.0	9428.0	14791.0	21342.0	28893.0	38737.0	53163.0	73146.0	104363.0	150462.0	223737.0	346572.0	605220.0	1378153.0	4825980.0	13423574.0	403884.0
	24.0	25.0	26.0	27.0	28.0	29.0	30.0	31.0	32.0	33.0	34.0	35.0	36.0	37.0
X_STA1_sortmerna_trimmomatic_1	1.0	2.0	75.0	839.0	5253.0	22432.0	64829.0	141007.0	248013.0	405833.0	724702.0	2006885.0	16139558.0	1299685.0
	24.0	25.0	26.0	27.0	28.0	29.0	30.0	31.0	32.0	33.0	34.0	35.0	36.0	37.0
X_STA1_sortmerna_trimmomatic_2	2.0	30.0	258.0	1433.0	6210.0	22085.0	61422.0	143346.0	287585.0	574492.0	1363543.0	4804339.0	13393201.0	401168.0
	14.0	15.0	16.0	17.0	18.0	19.0	20.0	21.0	22.0	23.0	24.0	25.0	26.0	27.0	28.0	29.0	30.0	31.0	32.0	33.0	34.0	35.0	36.0	37.0
X_STA2_1	22.0	87.0	183.0	296.0	511.0	864.0	1230.0	1996.0	3215.0	5725.0	10444.0	19329.0	33920.0	57096.0	89285.0	131921.0	183477.0	247804.0	336178.0	479751.0	803911.0	2146402.0	16072639.0	1281461.0
	11.0	12.0	13.0	14.0	15.0	16.0	17.0	18.0	19.0	20.0	21.0	22.0	23.0	24.0	25.0	26.0	27.0	28.0	29.0	30.0	31.0	32.0	33.0	34.0	35.0	36.0	37.0
X_STA2_2	3.0	147.0	658.0	921.0	1060.0	1300.0	1695.0	2273.0	3125.0	4566.0	6966.0	11004.0	16700.0	24743.0	33220.0	43959.0	58370.0	80420.0	112716.0	162534.0	240619.0	371283.0	639492.0	1400566.0	4675198.0	13557440.0	456769.0
	14.0	15.0	16.0	17.0	18.0	19.0	20.0	21.0	22.0	23.0	24.0	25.0	26.0	27.0	28.0	29.0	30.0	31.0	32.0	33.0	34.0	35.0	36.0	37.0
X_STA2_sortmerna_1	15.0	67.0	147.0	232.0	437.0	755.0	1068.0	1746.0	2805.0	5174.0	9626.0	18245.0	32593.0	55577.0	87584.0	129889.0	180671.0	244136.0	331491.0	472451.0	794656.0	2130789.0	15993225.0	1275492.0
	11.0	12.0	13.0	14.0	15.0	16.0	17.0	18.0	19.0	20.0	21.0	22.0	23.0	24.0	25.0	26.0	27.0	28.0	29.0	30.0	31.0	32.0	33.0	34.0	35.0	36.0	37.0
X_STA2_sortmerna_2	3.0	125.0	530.0	651.0	687.0	884.0	1235.0	1710.0	2376.0	3688.0	5783.0	9528.0	14990.0	22744.0	30997.0	41512.0	55864.0	77946.0	110122.0	159491.0	235713.0	366095.0	633784.0	1390685.0	4650577.0	13496545.0	454606.0
	25.0	26.0	27.0	28.0	29.0	30.0	31.0	32.0	33.0	34.0	35.0	36.0	37.0
X_STA2_sortmerna_trimmomatic_1	8.0	87.0	937.0	6149.0	26444.0	74870.0	160685.0	276745.0	444680.0	781791.0	2125616.0	15893418.0	1272367.0
	24.0	25.0	26.0	27.0	28.0	29.0	30.0	31.0	32.0	33.0	34.0	35.0	36.0	37.0
X_STA2_sortmerna_trimmomatic_2	3.0	17.0	219.0	1515.0	6600.0	23634.0	65639.0	151647.0	305459.0	602847.0	1379538.0	4630105.0	13446026.0	450548.0
	14.0	15.0	16.0	17.0	18.0	19.0	20.0	21.0	22.0	23.0	24.0	25.0	26.0	27.0	28.0	29.0	30.0	31.0	32.0	33.0	34.0	35.0	36.0	37.0
X_STA3_1	23.0	71.0	172.0	316.0	559.0	882.0	1238.0	1906.0	3160.0	5293.0	9635.0	17347.0	30562.0	51307.0	80920.0	120946.0	168906.0	231806.0	317029.0	459043.0	772436.0	2094114.0	15817227.0	1208498.0
	11.0	12.0	13.0	14.0	15.0	16.0	17.0	18.0	19.0	20.0	21.0	22.0	23.0	24.0	25.0	26.0	27.0	28.0	29.0	30.0	31.0	32.0	33.0	34.0	35.0	36.0	37.0
X_STA3_2	4.0	244.0	748.0	892.0	995.0	1286.0	1682.0	2288.0	3182.0	4930.0	7675.0	12073.0	18624.0	26780.0	36458.0	48016.0	65220.0	90198.0	127395.0	183236.0	270985.0	428223.0	761027.0	1762813.0	5612577.0	11610636.0	315209.0
	14.0	15.0	16.0	17.0	18.0	19.0	20.0	21.0	22.0	23.0	24.0	25.0	26.0	27.0	28.0	29.0	30.0	31.0	32.0	33.0	34.0	35.0	36.0	37.0
X_STA3_sortmerna_1	16.0	52.0	137.0	241.0	451.0	759.0	1077.0	1650.0	2737.0	4704.0	8818.0	16325.0	29371.0	49953.0	79400.0	119135.0	166471.0	228674.0	312870.0	450545.0	761842.0	2077607.0	15738313.0	1202774.0
	11.0	12.0	13.0	14.0	15.0	16.0	17.0	18.0	19.0	20.0	21.0	22.0	23.0	24.0	25.0	26.0	27.0	28.0	29.0	30.0	31.0	32.0	33.0	34.0	35.0	36.0	37.0
X_STA3_sortmerna_2	4.0	204.0	570.0	601.0	655.0	910.0	1267.0	1779.0	2543.0	4046.0	6526.0	10611.0	16936.0	24954.0	34350.0	45616.0	62625.0	87332.0	124461.0	179855.0	265818.0	420421.0	752431.0	1751028.0	5585066.0	11559737.0	313576.0
	25.0	26.0	27.0	28.0	29.0	30.0	31.0	32.0	33.0	34.0	35.0	36.0	37.0
X_STA3_sortmerna_trimmomatic_1	3.0	73.0	792.0	4942.0	21755.0	63582.0	140493.0	248869.0	412116.0	738089.0	2060273.0	15605315.0	1196972.0
	24.0	25.0	26.0	27.0	28.0	29.0	30.0	31.0	32.0	33.0	34.0	35.0	36.0	37.0
X_STA3_sortmerna_trimmomatic_2	1.0	29.0	301.0	1937.0	8174.0	28333.0	77282.0	176954.0	355175.0	720500.0	1737856.0	5567260.0	11511052.0	308420.0
	13.0	14.0	15.0	16.0	17.0	18.0	19.0	20.0	21.0	22.0	23.0	24.0	25.0	26.0	27.0	28.0	29.0	30.0	31.0	32.0	33.0	34.0	35.0	36.0	37.0
X_STA4_1	3.0	19.0	64.0	163.0	298.0	447.0	778.0	1139.0	1852.0	3013.0	5086.0	8916.0	15978.0	28300.0	48485.0	78357.0	118211.0	167610.0	231618.0	319191.0	464148.0	784756.0	2181388.0	16985813.0	1201071.0
	11.0	12.0	13.0	14.0	15.0	16.0	17.0	18.0	19.0	20.0	21.0	22.0	23.0	24.0	25.0	26.0	27.0	28.0	29.0	30.0	31.0	32.0	33.0	34.0	35.0	36.0	37.0
X_STA4_2	3.0	115.0	494.0	805.0	871.0	1084.0	1599.0	2099.0	2937.0	4443.0	6702.0	10713.0	15913.0	22365.0	29637.0	39387.0	53430.0	74641.0	106734.0	153934.0	230957.0	357536.0	625662.0	1460862.0	5237891.0	13816865.0	389025.0
	13.0	14.0	15.0	16.0	17.0	18.0	19.0	20.0	21.0	22.0	23.0	24.0	25.0	26.0	27.0	28.0	29.0	30.0	31.0	32.0	33.0	34.0	35.0	36.0	37.0
X_STA4_sortmerna_1	3.0	15.0	45.0	131.0	261.0	377.0	656.0	995.0	1601.0	2670.0	4549.0	8188.0	14968.0	27123.0	47208.0	76836.0	116335.0	165215.0	228484.0	314717.0	457299.0	776401.0	2166191.0	16904982.0	1195574.0
	11.0	12.0	13.0	14.0	15.0	16.0	17.0	18.0	19.0	20.0	21.0	22.0	23.0	24.0	25.0	26.0	27.0	28.0	29.0	30.0	31.0	32.0	33.0	34.0	35.0	36.0	37.0
X_STA4_sortmerna_2	3.0	101.0	409.0	580.0	605.0	755.0	1147.0	1605.0	2229.0	3569.0	5603.0	9312.0	14319.0	20513.0	27523.0	37152.0	51024.0	72057.0	103961.0	150810.0	226354.0	352651.0	619749.0	1450542.0	5211109.0	13759803.0	387339.0
	26.0	27.0	28.0	29.0	30.0	31.0	32.0	33.0	34.0	35.0	36.0	37.0
X_STA4_sortmerna_trimmomatic_1	75.0	868.0	5379.0	22724.0	64944.0	142526.0	252676.0	418895.0	749181.0	2141479.0	16778644.0	1196105.0
	24.0	25.0	26.0	27.0	28.0	29.0	30.0	31.0	32.0	33.0	34.0	35.0	36.0	37.0
X_STA4_sortmerna_trimmomatic_2	3.0	20.0	243.0	1434.0	5990.0	21615.0	60587.0	141266.0	287128.0	579122.0	1418167.0	5162137.0	13711813.0	383971.0
	13.0	14.0	15.0	16.0	17.0	18.0	19.0	20.0	21.0	22.0	23.0	24.0	25.0	26.0	27.0	28.0	29.0	30.0	31.0	32.0	33.0	34.0	35.0	36.0	37.0
X_STA5_1	2.0	25.0	78.0	193.0	354.0	534.0	849.0	1296.0	2096.0	3252.0	5454.0	9369.0	16326.0	28183.0	48112.0	77330.0	118252.0	168592.0	230438.0	316172.0	455748.0	766804.0	2044761.0	15992888.0	1310458.0
	12.0	13.0	14.0	15.0	16.0	17.0	18.0	19.0	20.0	21.0	22.0	23.0	24.0	25.0	26.0	27.0	28.0	29.0	30.0	31.0	32.0	33.0	34.0	35.0	36.0	37.0
X_STA5_2	144.0	622.0	935.0	1035.0	1227.0	1618.0	2079.0	3051.0	4440.0	6890.0	10609.0	15690.0	22528.0	30102.0	40420.0	55495.0	76236.0	109202.0	157873.0	235805.0	369602.0	650030.0	1480145.0	5012553.0	12910275.0	398960.0
	13.0	14.0	15.0	16.0	17.0	18.0	19.0	20.0	21.0	22.0	23.0	24.0	25.0	26.0	27.0	28.0	29.0	30.0	31.0	32.0	33.0	34.0	35.0	36.0	37.0
X_STA5_sortmerna_1	1.0	17.0	62.0	159.0	301.0	460.0	734.0	1135.0	1875.0	2893.0	4950.0	8617.0	15335.0	27142.0	46908.0	75897.0	116413.0	166204.0	227407.0	312474.0	449429.0	757479.0	2028821.0	15916192.0	1304771.0
	12.0	13.0	14.0	15.0	16.0	17.0	18.0	19.0	20.0	21.0	22.0	23.0	24.0	25.0	26.0	27.0	28.0	29.0	30.0	31.0	32.0	33.0	34.0	35.0	36.0	37.0
X_STA5_sortmerna_2	126.0	494.0	669.0	689.0	800.0	1148.0	1498.0	2377.0	3549.0	5689.0	9228.0	14003.0	20617.0	27980.0	38081.0	53115.0	73706.0	106530.0	154782.0	231821.0	364246.0	643938.0	1470490.0	4989054.0	12857038.0	394008.0
	25.0	26.0	27.0	28.0	29.0	30.0	31.0	32.0	33.0	34.0	35.0	36.0	37.0
X_STA5_sortmerna_trimmomatic_1	8.0	76.0	731.0	5176.0	22613.0	66030.0	143559.0	253391.0	416371.0	737163.0	2016604.0	15781009.0	1300042.0
	25.0	26.0	27.0	28.0	29.0	30.0	31.0	32.0	33.0	34.0	35.0	36.0	37.0
X_STA5_sortmerna_trimmomatic_2	27.0	238.0	1429.0	6482.0	23004.0	63825.0	149144.0	303564.0	610790.0	1452222.0	4953053.0	12789625.0	389370.0

