Sample	1	2	3	4	5	6	7	8	9	12	17	22	27	32	37	42	47	52	57	62	67	72	77	82	87	92	97	102	107	112	117	122	127	132	137	142	147	150
P_ROT16_1	0.0141324795477	0.0908291776563	0.00227211770069	4.16477786278e-05	0.0	0.0177049334478	0.0	0.0	0.00132810138513	0.00267563840029	0.00329665305494	0.00035354336524	0.00163536944079	0.001723292529	3.88712600526e-05	0.00411572603462	0.000290608944203	0.000393340131485	0.000413701267703	0.00256920518824	2.22121486015e-05	0.000440540947263	5.18283467368e-05	5.92323962707e-05	8.32955572556e-06	4.62753095864e-06	0.000869050314034	4.99773343534e-05	0.00012864536065	0.0014548957334	0.000195281806455	0.00162518887268	0.000130496373034	3.51692352857e-05	0.00339938424222	0.00265435175788	8.97741005977e-05	0.0
P_ROT16_2	0.0312774817495	0.00205462374564	0.000740404953383	0.0029986400612	0.00253125943438	0.000282279388477	0.00208701646235	0.000680247050921	0.00121704064212	0.000637673766101	0.00150857509252	0.000378532032417	0.000227674523165	0.000370202476692	0.000539570109778	0.00293292912159	0.00071171426144	3.33182229022e-05	2.59141733684e-05	3.14672105188e-05	0.000360021908583	0.000459976577289	4.53498033947e-05	0.00144564067148	0.00096345194559	0.000223046992207	0.00272931775941	0.00207591038805	3.23927167105e-05	0.00123925279073	3.97967662443e-05	0.000252663190342	0.00290701494822	0.00134568600277	0.00160575324265	0.00183805529677	0.00176031277667	0.0032115064853
P_ROT16_sortmerna_1	0.0141339105985	0.0909054718279	0.00225620472615	4.19542201144e-05	0.0	0.0177186656283	0.0	0.0	0.00132855030362	0.0026757469273	0.00330319559701	0.000352415448961	0.00163994384847	0.00172851386871	3.91572721068e-05	0.00411990441523	0.000289950276791	0.000395301985078	0.000414880621131	0.00257225985101	2.2375584061e-05	0.0004400531532	5.22096961424e-05	5.87359081602e-05	8.39084402288e-06	4.66158001271e-06	0.000869850830372	4.94127481347e-05	0.000128659608351	0.00145907454398	0.000194854044531	0.00162782374044	0.000130524240356	3.54280080966e-05	0.00340668267329	0.00265803292325	8.95023362441e-05	0.0
P_ROT16_sortmerna_2	0.0312558939852	0.00205575678561	0.000736529642008	0.00300205752819	0.0025312379469	0.000284356380775	0.00209771100572	0.000680590681856	0.00122133396333	0.000639568777744	0.00151221655612	0.000380384929037	0.000228417420623	0.000371994085014	0.000541675597477	0.00294145698802	0.000716018689952	3.35633760915e-05	2.61048480712e-05	3.16987440864e-05	0.000359873976981	0.000462428737261	4.56834841246e-05	0.00145068369996	0.000966811694636	0.00022375584061	0.00273727978346	0.00208279394968	3.2631060089e-05	0.0012465064954	4.00895881093e-05	0.000254522268694	0.00291535213995	0.00134812893968	0.00160638047238	0.00184132410502	0.00176767114082	0.00323047494881
P_ROT16_sortmerna_trimmomatic_1	0.013103041747	0.0906184407361	0.00227857863528	4.37253895896e-05	0.0	0.0177768000565	0.0	0.0	0.00134577032403	0.00270417242728	0.00294903460899	0.000343973064771	0.00124860279161	0.00138560901233	1.3603454539e-05	0.00366418764761	0.000125346116823	0.000319838165388	0.000294930839691	0.00201840166369	1.95168361304e-06	0.0002345076663	2.54388711607e-05	1.56758007696e-05	0.0	0.0	0.000571601814424	8.86742245744e-06	7.30202551083e-05	0.000896362250681	0.0001435242407	0.00105097600473	6.05862197477e-05	1.2934217604e-05	0.0027960086513	0.00110775749488	6.00854035901e-06	0.0
P_ROT16_sortmerna_trimmomatic_2	0.0311373357644	0.00109799311636	0.000174901558358	0.00132147844093	0.00167128155765	3.40086363474e-05	0.000952241817729	0.00036437824658	0.00036437824658	0.0003089927531	0.00110382316831	0.00023514542846	0.000118544389554	0.000212796896003	0.000211825220678	0.00219890125869	0.000483894311458	7.77635596829e-06	0.0	2.9217656062e-06	0.000230078486109	0.000291807841316	2.93111000432e-06	0.00106323158549	0.000518020036937	0.000135300228707	0.00213722105854	0.001056820292	6.89144350105e-06	0.000335243610587	0.0	4.35279476777e-05	0.00136485788306	0.000615761748829	0.000920570472645	0.000859938409455	0.00054946097578	0.0
P_ROT17_1	0.0143030020422	0.0923477448693	0.00202132949734	6.98616185717e-05	0.0	0.0187089414535	0.0	0.0	0.00144380678381	0.00237436354319	0.00346979372239	0.000351171069354	0.00162172103911	0.00182757994184	2.42186944382e-05	0.0043090646335	0.000287829868515	0.00045829221783	0.000392156552249	0.00261841346407	2.42186944382e-05	0.000362348928325	2.88761356763e-05	4.1916971143e-05	6.52041773336e-06	4.65744123811e-06	0.000957569918556	4.47114358859e-05	0.000140654725391	0.00138326004772	0.000163010443334	0.00164966568654	0.000139723237143	2.88761356763e-05	0.00360858547129	0.00291555821506	8.66284070289e-05	0.0
P_ROT17_2	0.0269106954738	0.00214708041077	0.000749848039336	0.00358157231211	0.00239392479639	0.000302733680477	0.0023706375902	0.000759162921812	0.00135997284153	0.00070141065046	0.00157421513848	0.000377252740287	0.000208653367467	0.000404265899468	0.000622234149412	0.00297424197466	0.000723766368403	4.28484593906e-05	1.95612532001e-05	3.81910181525e-05	0.00039960845823	0.000488099841754	4.75059006287e-05	0.00148479226671	0.000943597594841	0.000258953732839	0.00297051602167	0.00223929774728	4.37799476383e-05	0.00120348281593	3.81910181525e-05	0.000251501826858	0.00302919978127	0.00129570015244	0.00149783310218	0.00202878140332	0.00180988166513	0.00334404280896
P_ROT17_sortmerna_1	0.0142991922247	0.09237925794	0.00201324367062	7.03931353365e-05	0.0	0.0187011096211	0.0	0.0	0.00143132708518	0.00238022654951	0.00347648231049	0.000351965676683	0.00162655071384	0.00183209866903	2.44029535833e-05	0.00431932278425	0.000289081142449	0.000459901817532	0.000394201557885	0.00262707181076	2.44029535833e-05	0.000365105728612	2.90958292724e-05	4.22358812019e-05	6.57002596474e-06	4.6928756891e-06	0.000961100941128	4.50516066154e-05	0.000141724845811	0.00138815262884	0.000162373498843	0.0016528308177	0.000140786270673	2.90958292724e-05	0.00361539143088	0.00292553870459	8.72874878173e-05	0.0
P_ROT17_sortmerna_2	0.0269652637096	0.00215872281699	0.000750860110256	0.00359943565354	0.00239805947713	0.000300344044103	0.00237928797437	0.000760245861635	0.00136093394984	0.000703931353365	0.00158149910723	0.000380122930817	0.000210240830872	0.000405464459538	0.000626029616926	0.00298373036313	0.000726457156673	4.31744563397e-05	1.97100778942e-05	3.84815806506e-05	0.000400771583849	0.000489936221942	4.78673320288e-05	0.00148951874372	0.000948899464336	0.000260923888314	0.0029780989123	0.00224507172967	4.41130314776e-05	0.00120888477751	3.84815806506e-05	0.000253415287212	0.00303910629626	0.00129804941561	0.00150359737079	0.00203295374852	0.00181145001599	0.00335071324202
P_ROT17_sortmerna_trimmomatic_1	0.0128647611392	0.0923138154157	0.0020554324249	6.8351672087e-05	0.0	0.0187674162502	0.0	0.0	0.00144026737612	0.0023932849755	0.0031324594865	0.000340781907976	0.00122837719265	0.00148616064166	4.88226229193e-06	0.00388725723683	0.000148420773675	0.000371231994039	0.000288549885702	0.00210562558322	4.90302901974e-06	0.00017772115837	1.37645973063e-05	9.84526104759e-06	9.85897339949e-07	0.0	0.000612986557215	6.93097854327e-06	8.52831363933e-05	0.000857126046632	0.000126335036797	0.00108812294179	7.08726956292e-05	1.69993504548e-05	0.00301760414354	0.00129312621093	7.04619527902e-06	0.0
P_ROT17_sortmerna_trimmomatic_2	0.0269110297531	0.00100086376984	0.000185525967093	0.00156232393342	0.00147444321216	3.41758360435e-05	0.00101551055672	0.000454050393149	0.000341758360435	0.000339805455518	0.00114537873369	0.000249971829347	0.000100574603214	0.00022946632772	0.000256806996555	0.00222728805758	0.000466744275108	4.88436137678e-06	0.0	0.0	0.000286208760356	0.000287539710044	2.94783988926e-06	0.00109899809253	0.000472897099749	0.000173641104693	0.00232004136709	0.00112622436695	9.91289234199e-07	0.0003038764868	0.0	3.48910742531e-05	0.00142878918689	0.000515780871608	0.000800161590475	0.000944414016123	0.000569017778389	0.0
P_ROT18_1	0.0146702993817	0.090665914886	0.00278088335079	3.64706013218e-05	0.0	0.0156322114916	0.0	0.0	0.00129014752176	0.00331700119022	0.00289576574495	0.0003172942315	0.00143238286691	0.00155455938134	4.1029426487e-05	0.00364614836715	0.000259853034418	0.00036835307335	0.000361058953086	0.00241253027744	2.097059576e-05	0.000435823685796	3.82941313879e-05	4.55882516523e-05	9.11765033045e-06	3.64706013218e-06	0.000766794392791	4.28529565531e-05	9.66470935028e-05	0.00126188280573	0.000220647137997	0.00150805936466	0.000105764743833	2.73529509914e-05	0.0029495598819	0.00246358911929	8.38823830401e-05	0.0
P_ROT18_2	0.0391329552183	0.00226117728195	0.000711176725775	0.00291764810574	0.00224294198129	0.000177794181444	0.00199676542237	0.000629117872801	0.00126279457077	0.000576235500885	0.00135305930904	0.000306353051103	0.000186911831774	0.000348294242623	0.000509676653472	0.00264138330073	0.000630029637834	3.00882460905e-05	2.0058830727e-05	3.82941313879e-05	0.000348294242623	0.000411206029903	4.37647215862e-05	0.00129288281686	0.000867088546426	0.000196029482105	0.00244079499346	0.00189738303377	2.91764810574e-05	0.00108864744946	3.73823663548e-05	0.000215176547799	0.00255203032749	0.00145426522771	0.0017825006396	0.00183264771642	0.00164938294478	0.00295411870707
P_ROT18_sortmerna_1	0.014695035336	0.0906576289905	0.00276277678709	3.6714641689e-05	0.0	0.0156266693689	0.0	0.0	0.00129419111954	0.00331533214451	0.00289127803301	0.00031758165061	0.00143646035608	0.00155578294157	4.13039719001e-05	0.00364668178576	0.000261591822034	0.000368982148974	0.000363474952721	0.00241398769105	2.11109189712e-05	0.000437822102141	3.85503737734e-05	4.58933021112e-05	9.17866042224e-06	3.6714641689e-06	0.000769171743384	4.31397039845e-05	9.72938004757e-05	0.00126665513827	0.000220287850134	0.00151172537154	0.000105554594856	2.66181152245e-05	0.00295185719179	0.00246538818941	8.35258098424e-05	0.0
P_ROT18_sortmerna_2	0.0391653440217	0.00225795046387	0.000715935512935	0.00292340334448	0.00224418247324	0.000174394548023	0.00199635864184	0.000633327569135	0.00126206580806	0.000577337740559	0.00135660601041	0.000308402990187	0.000188162538656	0.00035062482813	0.000509415653434	0.00264712566577	0.000633327569135	3.02895793934e-05	2.01930529289e-05	3.85503737734e-05	0.000349706962087	0.000413957585043	4.40575700268e-05	0.00129694471766	0.000871054874071	0.000196423333036	0.00244152367232	0.00189906484136	2.93717133512e-05	0.00109501418837	3.76325077312e-05	0.000216616385965	0.00255350332947	0.00145940700714	0.00178892091629	0.00183481421841	0.00165124100996	0.00296011798617
P_ROT18_sortmerna_trimmomatic_1	0.0135959909126	0.0903921330632	0.00276875945328	3.81240544341e-05	0.0	0.0157309379609	0.0	0.0	0.00129145234396	0.0033329954589	0.00258767019471	0.000314523449081	0.00108272314593	0.0012514220868	1.14372163302e-05	0.00323863842418	0.000108653555137	0.000293701539961	0.000253968154551	0.00190428934675	4.78588427554e-06	0.000230016902984	1.34352054588e-05	1.24925342693e-05	0.0	0.0	0.000480530000274	7.73068265233e-06	4.74215871717e-05	0.000745354038176	0.00018056087625	0.00097625692593	4.67540043806e-05	1.56115390115e-05	0.00243500834667	0.00104904990019	8.83753656064e-06	0.0
P_ROT18_sortmerna_trimmomatic_2	0.0390628592745	0.00128668683715	0.000204916792583	0.00128668683715	0.0014487140685	9.53101360852e-06	0.000910211799614	0.000333585476298	0.000414599091971	0.000284024205534	0.000991225415287	0.000200151285779	8.3872919755e-05	0.000183948562645	0.000208729198027	0.00197006051288	0.000406974281084	6.67431485941e-06	0.0	3.82142799446e-06	0.000256304245227	0.000256583430587	3.8340224094e-06	0.000956746379058	0.000440031709953	0.000137562772274	0.00189771691169	0.000992671613869	4.83062911012e-06	0.000271918253902	0.0	2.81600236653e-05	0.00121043315146	0.000726422627536	0.00110520536875	0.000833702327436	0.000513139376086	0.0
P_ROT19_1	0.0144941810774	0.0908341791332	0.00237744958774	5.04863812069e-05	0.0	0.0176059780281	0.0	0.0	0.00132641492444	0.00297043508337	0.0030989458719	0.000315769366094	0.00154396533073	0.00166237884301	3.30456313354e-05	0.00385256985319	0.000297410682019	0.000351568800041	0.000406644852266	0.00250412450786	2.66200919091e-05	0.000440608417805	3.21276971316e-05	5.96657232445e-05	1.46869472602e-05	2.75380261128e-06	0.000823386980774	5.87477890407e-05	0.000126674920119	0.0013658860952	0.000238662892978	0.00163025114588	0.000134936327953	2.66200919091e-05	0.00321460558157	0.00258123098098	8.99575519686e-05	0.0
P_ROT19_2	0.0349457551372	0.00204240360337	0.000780244073197	0.00323571806826	0.00242334629793	0.000247842235016	0.00206076228744	0.000688450652821	0.00129887689832	0.000647143613652	0.00147236646283	0.000369927484116	0.00021479660368	0.000398383444432	0.00057829854837	0.00285110363688	0.000654487087282	2.57021577053e-05	2.2948355094e-05	4.13070391693e-05	0.000369009549912	0.000425921470545	5.14043154106e-05	0.00140076759494	0.000916098335354	0.000227647682533	0.00257755924416	0.00201302970885	3.76353023542e-05	0.00113732047846	4.40608417805e-05	0.000256103642849	0.00276757162434	0.00146135125239	0.00172663423728	0.00186157056523	0.00175141846078	0.00311179695075
P_ROT19_sortmerna_1	0.0145075537659	0.0908742821855	0.00238790362846	5.080646018e-05	0.0	0.017611366606	0.0	0.0	0.00132558673379	0.00296894478215	0.00310196533244	0.000316847560759	0.00154821140476	0.00166552814008	3.32551375723e-05	0.00385851971221	0.000299296238151	0.00034917894451	0.000409222942904	0.00251076288671	2.67888608222e-05	0.000441554326655	3.23313837509e-05	6.00439983945e-05	1.47800611433e-05	2.77126146436e-06	0.000823988408737	5.91202445731e-05	0.000127478027361	0.00136992691722	0.000237404732114	0.00163227300251	0.000135791811754	2.67888608222e-05	0.00321928206777	0.00258743445389	9.05278745025e-05	0.0
P_ROT19_sortmerna_2	0.0349086569128	0.00204611471452	0.000785190748236	0.00324699468241	0.00242947255042	0.000249413531793	0.00206920856006	0.000692815366091	0.00129787411914	0.000650322690304	0.00147523485286	0.000371349036225	0.00021615839422	0.00039998540469	0.000581964907516	0.00285809432358	0.000657712720875	2.58651070007e-05	2.30938455364e-05	4.15689219654e-05	0.000370425282403	0.000428621773155	5.17302140014e-05	0.00140410580861	0.00092098255999	0.000228167193899	0.00258281568479	0.00201563083841	3.78739066796e-05	0.00114360723096	4.43401834298e-05	0.000257727316186	0.00277403272583	0.001464149807	0.00173019090758	0.00186505896552	0.0017523609993	0.00311766914741
P_ROT19_sortmerna_trimmomatic_1	0.0131756166064	0.090606302426	0.00240818864572	5.26641652146e-05	0.0	0.0175946188331	0.0	0.0	0.00131660413036	0.00298749446308	0.00274619683337	0.000299706976585	0.0011346733778	0.00131373153953	1.05328330429e-05	0.00342029814812	0.000123521405685	0.000267280416588	0.000258974345915	0.00194374175608	1.92308198966e-06	0.000225286098181	1.54245943016e-05	1.35146074662e-05	0.0	0.0	0.000489514654266	1.06781310188e-05	6.12481884998e-05	0.000806200970713	0.000181387423037	0.00102957871212	4.79475057399e-05	1.37228907846e-05	0.00265833038351	0.00104111843122	6.90573505907e-06	0.0
P_ROT19_sortmerna_trimmomatic_2	0.0347822872985	0.000962317928012	0.000201081358092	0.00129266587345	0.00154641139676	9.57530276629e-06	0.000809113083751	0.000363861505119	0.000354286202353	0.000282471431605	0.00103509022904	0.000225019615008	9.00078460031e-05	0.000205869009475	0.000213529251688	0.00206826539752	0.000403120246461	2.87384707961e-06	0.0	3.84015780898e-06	0.000222024094285	0.000245387678756	5.78117005274e-06	0.000997575755845	0.000415395371672	0.00013059488184	0.00198702978178	0.000944135502327	2.91581403405e-06	0.000239527399588	1.9509978598e-06	3.42112951954e-05	0.00120895170544	0.000684459571296	0.000994283049663	0.000752316141488	0.000513384992351	0.0
P_ROT20_1	0.014204908047	0.0917852205559	0.00205005656172	6.17221330411e-05	0.0	0.0187635284445	0.0	0.0	0.00142842650752	0.00250591860147	0.003450267237	0.000375623266793	0.00165679839977	0.00181639420092	2.90975770051e-05	0.00427293509596	0.000260996448288	0.000432054931288	0.00040383909904	0.00266286916834	3.43880455515e-05	0.000379150245824	3.70332798247e-05	4.2323748371e-05	8.8174475773e-06	6.17221330411e-06	0.000899379652884	4.14420036133e-05	0.000112863328989	0.0014204908047	0.000165768014453	0.0016312278018	0.000126971245113	2.64523427319e-05	0.00357018452405	0.00287625139971	8.28840072266e-05	0.0
P_ROT20_2	0.0276823766689	0.00220877061811	0.000767117939225	0.00344762200272	0.00250415511195	0.000264523427319	0.00234103233177	0.000696578358607	0.001397565441	0.000656018099751	0.00152541843087	0.000370332798247	0.000208973507582	0.000382677224855	0.000581951540102	0.00303232022183	0.000717740232792	2.90975770051e-05	1.41079161237e-05	3.43880455515e-05	0.000379150245824	0.000459389018777	5.20229407061e-05	0.00146457804259	0.000955811317379	0.000218672699917	0.00287536965496	0.00218672699917	3.79150245824e-05	0.00123091568179	3.96785140978e-05	0.000244243297891	0.00298646949443	0.00127764815395	0.00148838515105	0.00191426786903	0.00181815769044	0.0033418126318
P_ROT20_sortmerna_1	0.0141921483671	0.0917738204953	0.00204267467111	5.77277624444e-05	0.0	0.0187881663771	0.0	0.0	0.00142543167267	0.00250716112893	0.00345744891071	0.000373898276755	0.0016625595584	0.00182153293498	2.93079409333e-05	0.0042842880928	0.000262883348978	0.000433402278044	0.000405870575955	0.0026696869832	3.46366574666e-05	0.000381891351555	3.73010157333e-05	4.26297322666e-05	8.88119422221e-06	6.21683595555e-06	0.000902329332977	4.17416128444e-05	0.000112791166622	0.00142543167267	0.000166966451378	0.001638580334	0.000127001077378	2.66435826666e-05	0.00357734503271	0.0028855000028	8.34832256888e-05	0.0
P_ROT20_sortmerna_2	0.0276782417935	0.00222473915266	0.000772663897333	0.00346810634377	0.00252225915911	0.000266435826666	0.00235351646889	0.000697173746444	0.00140766928422	0.000658984611288	0.00153111788391	0.000372122037911	0.000210484303066	0.000384555709822	0.000584382579822	0.00304447337938	0.000722041090266	2.93079409333e-05	1.42099107555e-05	3.46366574666e-05	0.000379226993289	0.000461822099555	5.23990459111e-05	0.00146983764378	0.000960057095421	0.000218477377866	0.00288372376395	0.00219276685346	3.81891351555e-05	0.00123715035515	3.9965374e-05	0.000245120960533	0.00299385057231	0.00128333256511	0.00149381686818	0.001918337952	0.00182597353209	0.003357091416
P_ROT20_sortmerna_trimmomatic_1	0.0128469385598	0.0916975510868	0.00205385605731	5.51370753641e-05	0.0	0.0188247164806	0.0	0.0	0.00144275347203	0.00251792644163	0.00309502783044	0.000358390989867	0.00121209670675	0.00144642927705	6.43265879248e-06	0.00384948681167	0.000115787858265	0.000344783555365	0.000270664791948	0.00207323325427	4.61538015622e-06	0.000205203246282	8.33048685226e-06	1.01960907539e-05	0.0	0.0	0.000579057684349	6.52655909567e-06	6.25659603972e-05	0.000794076692937	0.000120850089885	0.00101915411954	5.92289975244e-05	1.13019115516e-05	0.0029423495025	0.00119537576074	3.79290776693e-06	0.0
P_ROT20_sortmerna_trimmomatic_2	0.0277569226895	0.00107057821332	0.000165411226092	0.00142437444691	0.00152086432879	2.75685376821e-05	0.000978683087713	0.00039974379639	0.000349201477306	0.00029682125571	0.00108711933593	0.000215953545176	8.73003693265e-05	0.000190222910006	0.000225143057737	0.00222661889345	0.00042547443156	3.67736160484e-06	0.0	1.84261353355e-06	0.000267481144908	0.000257640280978	1.84917814572e-06	0.00105073964341	0.00043196203925	0.00014387525989	0.0022301297784	0.00108560373715	1.8651038812e-06	0.00026064064012	0.0	2.25047753023e-05	0.0014012196795	0.000531255899213	0.000812001702409	0.000892853727533	0.000586356493648	0.0
P_STA11_1	0.014695266755	0.100291255853	0.0	5.90962470042e-05	0.0	0.0266425580244	0.0	0.0	0.00208806739415	0.000230475363316	0.00473262444759	0.000473754913484	0.00225846157301	0.00250075618573	4.03824354529e-05	0.00574317027136	0.000335863670474	0.000606721469243	0.00056436915889	0.00332416389399	3.84125605527e-05	0.000315179984022	6.30359968045e-05	6.50058717046e-05	1.18192494008e-05	5.90962470042e-06	0.00127352412294	6.89456215049e-05	0.000180243553363	0.00194328158899	4.82619350534e-05	0.00205654939575	0.000188123052963	2.65933111519e-05	0.00488725962725	0.00394270461263	0.000119177431458	0.0
P_STA11_2	0.0	0.00242294612717	0.000930765890316	0.00440759508906	0.003580247631	0.00042352310353	0.00315179984022	0.000975088075569	0.00185168240613	0.000929780952866	0.0021540582033	0.000512167474036	0.000298436047371	0.000543685472439	0.000814543271208	0.00412688791579	0.00101153076122	6.30359968045e-05	3.34878733024e-05	6.50058717046e-05	0.000535805972838	0.000666802653697	5.02318099536e-05	0.0020713234575	0.00133754505719	0.000325029358523	0.00396043348673	0.00302080315936	7.48552462053e-05	0.00169507735157	7.28853713052e-05	0.000373291293576	0.0041721950385	0.00104009394727	0.000931750827766	0.00232051263236	0.0021658774527	0.00460458257908
P_STA11_sortmerna_1	0.0146604099719	0.100327377812	0.0	5.94943928518e-05	0.0	0.0266336565333	0.0	0.0	0.00209717734803	0.000232028132122	0.00474071153707	0.000475955142814	0.00226376164801	0.00250868023192	4.06545017821e-05	0.00574517520305	0.000337134892827	0.000607834380302	0.000566188305306	0.0033316859997	3.86713553537e-05	0.000317303428543	6.34606857086e-05	6.5443832137e-05	1.18988785704e-05	5.94943928518e-06	0.00127318000703	6.94101249938e-05	0.000181457898198	0.00194744979268	4.85870874956e-05	0.00206148071231	0.000188398910697	2.67724767833e-05	0.00489043909242	0.00395241083179	0.000119980358918	0.0
P_STA11_sortmerna_2	0.0	0.00242935437478	0.000937036687416	0.00441250080317	0.00359445290146	0.000426376482104	0.00314824495507	0.000971741749913	0.00185424191055	0.000932078821345	0.00215865488731	0.000513634924954	0.000300446683902	0.000545365267808	0.000817056328498	0.00413882659606	0.00101437939812	6.34606857086e-05	3.37134892827e-05	6.5443832137e-05	0.00053644110888	0.000670303492797	5.0570233924e-05	0.00207536273731	0.00134259013202	0.000325236014256	0.00396530128357	0.00302925616937	7.53595642789e-05	0.00170153963556	7.33764178505e-05	0.00037580624818	0.00417848952462	0.00104313502133	0.000936045114201	0.00231928974801	0.00216857061945	0.00462073117816
P_STA11_sortmerna_trimmomatic_1	0.0130193781702	0.100493325251	0.0	6.18008457446e-05	0.0	0.0267752164188	0.0	0.0	0.00214242931915	0.000233813199734	0.00421584769388	0.000451146173935	0.00164287248271	0.00198277713431	9.27012686169e-06	0.0051768508452	0.000185402537234	0.000485407796552	0.000378769493096	0.00252607001933	5.1755206403e-06	0.000119215128644	2.18039708395e-05	1.8718416961e-05	1.04158802677e-06	0.0	0.000801555364364	1.88435929858e-05	0.000110113156159	0.00114408074945	7.3675207416e-06	0.00128765118156	9.29944334378e-05	3.17675994248e-06	0.00403930667795	0.00163530778679	1.38741168084e-05	0.0
P_STA11_sortmerna_trimmomatic_2	0.0	0.000999113672871	0.000226603101063	0.00174072382181	0.00224543072872	4.63506343084e-05	0.00133901832447	0.000545907470744	0.000473806484042	0.000442906061169	0.00152236083351	0.000320334383776	0.000120511649202	0.000289433960904	0.000337844623404	0.00303133148377	0.000610798358776	9.2742699323e-06	0.0	3.09865424104e-06	0.00037642992699	0.000355165700279	1.0368520442e-06	0.00150548574607	0.000612412613841	0.000217643323726	0.00302280222382	0.00149412499083	7.32683194925e-06	0.000336653022291	1.05084846609e-06	4.00197887324e-05	0.00195522686723	9.31457227468e-05	0.000157066957113	0.00117205919463	0.000705472907029	0.0
P_STA12_1	0.014576487276	0.0941431692021	0.00185673487401	7.60590189353e-05	0.0	0.019860352062	0.0	0.0	0.00153460255852	0.002214659669	0.00351303186282	0.000373136598777	0.00167419322856	0.00181915277053	3.13184195616e-05	0.00433089001937	0.000286339835992	0.000469776293424	0.000444721557775	0.00264148498702	2.68443596242e-05	0.000389243214551	3.31080435365e-05	5.99524031608e-05	9.84293186221e-06	1.07377438497e-05	0.00102277010168	5.99524031608e-05	0.000144959541971	0.00144422654778	0.000157486909795	0.00167240360459	0.000154802473833	2.77391716117e-05	0.00365351734486	0.0029716706104	0.000114535934397	0.0
P_STA12_2	0.0253321273654	0.00229071868793	0.000711375530042	0.00359714418965	0.00249652544505	0.000335554495303	0.00253679198449	0.000854545448038	0.00146749165946	0.000759695377365	0.00164197999701	0.00041787719815	0.000232651116743	0.000436668249887	0.000699742974205	0.0030575725612	0.00078296048904	4.38457873862e-05	2.59495476367e-05	5.01094712985e-05	0.000423246070075	0.00052078057671	7.42693949603e-05	0.00149612564306	0.00108719656478	0.000267548784255	0.0029716706104	0.00224866252452	4.74250353361e-05	0.00132432174146	4.92146593111e-05	0.000254126604443	0.0031291575202	0.00128852926196	0.00148807233517	0.00213233696615	0.00180215134277	0.00351213705084
P_STA12_sortmerna_1	0.0145930491775	0.0941882235805	0.00186016336738	7.65684679068e-05	0.0	0.0198447452704	0.0	0.0	0.00153136935814	0.00221598154177	0.00352214952371	0.000374735089991	0.00168180387744	0.0018259327582	3.15281926675e-05	0.00434098172757	0.000283753734008	0.000471121279003	0.000445898724869	0.00265016979508	2.70241651436e-05	0.000387346367058	3.33298036771e-05	5.85523578111e-05	8.10724954308e-06	1.08096660574e-05	0.00102241424793	5.85523578111e-05	0.000143228075261	0.00145119766821	0.000155839352328	0.0016754982389	0.000154037741318	2.79249706484e-05	0.00366357598797	0.00298166622084	0.000113501493603	0.0
P_STA12_sortmerna_2	0.0253621789873	0.00229705403721	0.000716140376305	0.00360772604667	0.00250874333083	0.000333298036771	0.00254477555102	0.000846757174499	0.00147281700033	0.00076027984604	0.00164577165724	0.000417973754221	0.000232407820235	0.000436890669821	0.000699925877219	0.00306904435481	0.000785502400174	4.41394697345e-05	2.61233596388e-05	5.0445108268e-05	0.000418874559726	0.000524268803786	7.47668568973e-05	0.00149894035996	0.0010917762718	0.000265737623912	0.00298256702635	0.00225381537298	4.77426917537e-05	0.00133048973057	4.77426917537e-05	0.00025402715235	0.00313930718418	0.00129175509386	0.00148903149941	0.00213310743533	0.00180791664811	0.00352214952371
P_STA12_sortmerna_trimmomatic_1	0.0131607334082	0.0938460093457	0.00187943854129	7.46179073464e-05	0.0	0.0199509629767	0.0	0.0	0.00153899433902	0.00221615184819	0.00314048117544	0.000347905993003	0.00122933002353	0.00143919288794	1.02599622601e-05	0.00389785293501	0.000118455927912	0.000357402743995	0.000308315928043	0.0020570261146	6.55615051165e-06	0.00018099100094	1.59626339153e-05	1.12827638416e-05	0.0	9.42812483177e-07	0.00061179115863	1.13458282482e-05	7.38571864491e-05	0.000836412673837	0.000109221549807	0.00104359253448	6.95654620098e-05	8.59114393764e-06	0.00305733439172	0.0012323178204	3.84260748892e-06	0.0
P_STA12_sortmerna_trimmomatic_2	0.0251695528718	0.00108662327573	0.000167890291529	0.00150168538535	0.00153433071981	2.33180960457e-05	0.00102599622601	0.000433716586451	0.00032645334464	0.000332982411533	0.00115191394466	0.000247171818085	9.8868727234e-05	0.000228517341248	0.000251835437294	0.00218630468525	0.000475689159333	4.66595787034e-06	0.0	9.35574313238e-07	0.000274492458526	0.000292702476938	2.81858864473e-06	0.00104725839608	0.000497576679064	0.000173680480718	0.00228166004962	0.00107612832031	2.84731355112e-06	0.000276766165213	0.0	3.15272005222e-05	0.0014033368054	0.000469724060553	0.000723467329405	0.00089796531306	0.000500024287587	0.0
P_STA13_1	0.0143438136444	0.0910995007922	0.00264674783268	2.75225077922e-05	0.0	0.0168942326998	0.0	0.0	0.0012889707816	0.00301004493554	0.00297977017697	0.000350453265887	0.00144676649294	0.00157153519493	2.84399247186e-05	0.00373663914125	0.000287151497965	0.000411920199957	0.000373388689047	0.00238711884251	2.84399247186e-05	0.000412837616883	3.94489278355e-05	4.40360124675e-05	7.33933541125e-06	3.66966770563e-06	0.000862371910822	4.12837616883e-05	0.000121099034286	0.0012577786061	0.000214675560779	0.00153300368403	0.000122933868138	3.3944426277e-05	0.00307701637117	0.00253115329996	9.35765264935e-05	0.0
P_STA13_2	0.0354765125441	0.00212840726926	0.000655953102381	0.00299536626472	0.00235776150086	0.000321095924242	0.00196327222251	0.000701823948701	0.00115594532727	0.00062292609303	0.0013687860542	0.000358710018225	0.000199996889957	0.000385315109091	0.000567881077446	0.00263115174493	0.000642191848485	4.22011786147e-05	2.4770257013e-05	5.32101817316e-05	0.000359627435151	0.000441277541602	4.40360124675e-05	0.00131557587247	0.000886224750909	0.000222932313117	0.00251005271065	0.00190088787151	4.58708463203e-05	0.00112750540255	5.04579309524e-05	0.000259628990173	0.00263023432801	0.00145135357758	0.00175685341407	0.0019109794577	0.00168437747688	0.00308252087273
P_STA13_sortmerna_1	0.0142995356091	0.0910885497242	0.00265028525657	2.77033302081e-05	0.0	0.0169036486486	0.0	0.0	0.00129743929808	0.00301227543796	0.00298272521907	0.000352755737983	0.00145073105856	0.00157631948884	2.86267745484e-05	0.00374179646677	0.000289038078504	0.000414626508781	0.000374918402149	0.0023917208413	2.86267745484e-05	0.000414626508781	3.97081066316e-05	4.43253283329e-05	7.38755472216e-06	3.69377736108e-06	0.000868037679853	4.15549953121e-05	0.000121894652916	0.00126327185749	0.000216085975623	0.00153938171523	0.000123741541596	3.416744059e-05	0.00308338065216	0.00253947193574	9.41913227075e-05	0.0
P_STA13_sortmerna_2	0.035451028223	0.00213777364772	0.000660262703293	0.00301042854928	0.00236401751109	0.000323205519094	0.00197617088818	0.000706434920306	0.00116353986874	0.000627018707043	0.00137316173398	0.000361066737045	0.000201310866179	0.000387846622913	0.000571612046627	0.00263828048015	0.000645487593848	4.24784396524e-05	2.49329971873e-05	5.35597717356e-05	0.000361990181386	0.000443253283329	4.43253283329e-05	0.00131960196225	0.000888353455339	0.000224396974686	0.00251638582723	0.001907836007	4.61722170135e-05	0.00112937242815	5.07894387148e-05	0.000260411303956	0.00263551014713	0.00145627172461	0.00176377868992	0.00192261111644	0.00169082658703	0.0030843040965
P_STA13_sortmerna_trimmomatic_1	0.0131881383017	0.090735347178	0.00267107583719	2.86698658733e-05	0.0	0.0169582256641	0.0	0.0	0.00129970058626	0.00303709445818	0.0026462286201	0.00033257044413	0.00104262745559	0.00123567121914	7.64529756621e-06	0.00332379311691	0.000124236085451	0.000328897736238	0.000250789928449	0.00185058176646	6.7165283823e-06	0.000198859663755	1.44282581938e-05	1.15575813342e-05	9.64387419616e-07	0.0	0.000559860264293	8.71458986177e-06	7.17557923869e-05	0.000730254021095	0.000165331863112	0.000959471542167	5.9518966348e-05	1.66147023932e-05	0.00254856579484	0.00106930335553	6.88389058772e-06	0.0
P_STA13_sortmerna_trimmomatic_2	0.0352687133351	0.00116112956787	0.000157684262303	0.00120891267766	0.0014478282266	3.82264878311e-05	0.000759751445642	0.000401378122226	0.00030103359167	0.00030772322704	0.000962351831147	0.000223624953812	8.50539354241e-05	0.000206423034288	0.000229358926986	0.00190654608057	0.000382264878311	3.82429918976e-06	0.0	4.79072195825e-06	0.000257075095108	0.000245856936079	3.84634080051e-06	0.000946437500931	0.000402004620624	0.00015252546893	0.00191811933349	0.000939250361435	3.87944545655e-06	0.000234141790283	9.73271369557e-07	3.80313250372e-05	0.00121284432831	0.000667065129516	0.00103881924152	0.000842815450217	0.000496111832225	0.0
P_STA14_1	0.0140321371518	0.0907584030532	0.00221778921069	7.39263070229e-05	0.0	0.0185601234569	0.0	0.0	0.00139073865087	0.00279071809011	0.00314556436382	0.000330820223927	0.00150255219024	0.00164855664661	2.49501286202e-05	0.00399017242156	0.000265210626445	0.000380720481168	0.000366859298601	0.00245435339316	2.12538132691e-05	0.000391809427221	3.04946016469e-05	5.35965725916e-05	9.24078837786e-06	3.69631535114e-06	0.000810417140738	5.1748414916e-05	0.000118282091237	0.00126968432312	0.00021715852688	0.00157463033959	0.000114585775885	1.94056555935e-05	0.00330820223927	0.00257817995742	9.0559726103e-05	0.0
P_STA14_2	0.0318668587211	0.00216696487461	0.00073464267604	0.00304946016469	0.00229171551771	0.000221778921069	0.00206069580826	0.000688438734151	0.00119668209493	0.000600651244561	0.00141291654297	0.000310490489496	0.000180195373368	0.000342833248819	0.000496230335891	0.00275190677893	0.000652399659477	3.32668381603e-05	1.94056555935e-05	3.23427593225e-05	0.000370555613952	0.000408442846301	2.86464439714e-05	0.00136116812806	0.00088064713241	0.000203297344313	0.00270200652169	0.00200247884148	4.43557842137e-05	0.00113754104931	4.43557842137e-05	0.000229171551771	0.00280180703617	0.00135747181271	0.0015847952068	0.00186571517349	0.0017437367669	0.00314648844266
P_STA14_sortmerna_1	0.0140459200627	0.0908262508987	0.00222389857236	7.44401195769e-05	0.0	0.0185541998045	0.0	0.0	0.00139575224207	0.00278592147516	0.00314695605511	0.000330328030622	0.00150555141844	0.00165164015311	2.41930388625e-05	0.00398999040932	0.000264262424498	0.000380575111337	0.000367548090411	0.00245745444753	2.14015343784e-05	0.000391741129273	2.8845546336e-05	5.39690866932e-05	9.30501494711e-06	3.72200597884e-06	0.000811397303388	5.21080837038e-05	0.000118173689828	0.00127106504178	0.000216806848268	0.00157440852905	0.000114451683849	1.86100298942e-05	0.0033079328137	0.00258028064483	9.11891464817e-05	0.0
P_STA14_sortmerna_2	0.031841761149	0.00216806848268	0.000739748688295	0.00306600242507	0.00229833869194	0.000218667851257	0.00206571331826	0.000688571106086	0.0011956944207	0.000602034467078	0.00141622327495	0.000310787499233	0.000179586788479	0.000342424550054	0.00049781829967	0.00275614542733	0.000654142550782	3.34980538096e-05	1.95405313889e-05	3.25675523149e-05	0.0003694090934	0.000408490156178	2.8845546336e-05	0.00136318468975	0.000881184915491	0.000203779827342	0.00270496784513	0.00200336971811	4.37335702514e-05	0.00113800332803	4.46640717461e-05	0.000228903367699	0.00280360100356	0.0013548101763	0.00158185254101	0.0018647249954	0.00174562080408	0.0031497475596
P_STA14_sortmerna_trimmomatic_1	0.0129066885006	0.0905204520852	0.0022186385315	7.23469086359e-05	0.0	0.0185786861377	0.0	0.0	0.00137941439132	0.00279837842604	0.00279837842604	0.000321220274343	0.0011064253894	0.00130031510455	9.64625448478e-07	0.00356332640668	0.000102250297539	0.000297249961102	0.000258968527004	0.00191571070284	3.87508388103e-06	0.0001784858631	6.7992729518e-06	9.726651807e-06	1.94803239816e-06	0.0	0.000499129044237	7.82564968984e-06	5.38837221802e-05	0.000756507072031	0.000164121529929	0.000995255486169	4.43770461208e-05	7.90305746177e-06	0.00273070822437	0.00110884417386	8.94919105726e-06	0.0
P_STA14_sortmerna_trimmomatic_2	0.0317554697639	0.00116719679266	0.000217040725908	0.00137941439132	0.00140353002754	4.82312724239e-06	0.000901924794327	0.000337618906967	0.000352088288695	0.000271059751022	0.00100224584097	0.000181349584314	8.00639122237e-05	0.000168809453484	0.000187137337005	0.00202281956546	0.000415753568294	6.75554551875e-06	0.0	2.9021025617e-06	0.000227611866753	0.000244394816995	3.88463824758e-06	0.000971545550903	0.000426565045238	0.000125821545196	0.00208384625537	0.000949271442975	3.92148992853e-06	0.000228871921829	1.96850205763e-06	1.87414855705e-05	0.00125286550959	0.000583924580103	0.000885676869452	0.0008126557077	0.00051165226454	0.0
P_STA15_1	0.0143124964517	0.0945807908639	0.00169083471345	8.8294240911e-05	0.0	0.0206078758286	0.0	0.0	0.00175705539413	0.00198220570845	0.00372336813922	0.000375250523872	0.00180826605386	0.00194600506968	4.32641780464e-05	0.00451360159537	0.000339932827507	0.000425578241191	0.00049621363392	0.00280157626411	1.67759057731e-05	0.0004264611836	5.03277173193e-05	6.53377382741e-05	8.8294240911e-06	5.29765445466e-06	0.000983597843749	6.26889110468e-05	0.00014921726714	0.00159194516363	0.000158046691231	0.00174999185486	0.00013862195823	2.91370995006e-05	0.00378164233822	0.00299582359411	9.80066074112e-05	0.0
P_STA15_2	0.0225900815371	0.002229429583	0.000865283560928	0.00342581654735	0.00280775686097	0.00031785926728	0.00229123555164	0.00076374518388	0.00139063429435	0.000730193372334	0.00169171765586	0.000412334105054	0.000259585068278	0.000445002974192	0.000650728555514	0.0032757163378	0.000780521089653	3.26688691371e-05	2.20735602278e-05	3.88494660008e-05	0.000445885916601	0.000540360754375	5.56253717739e-05	0.00162549697517	0.00111339037789	0.000249872701778	0.00305233190829	0.0023742321381	5.12106597284e-05	0.00138092192785	6.18059686377e-05	0.000293136879825	0.00323510098698	0.00128291532044	0.00147539676562	0.001996332787	0.00187625261936	0.00388494660008
P_STA15_sortmerna_1	0.0143508583929	0.0945342790792	0.0016849365957	8.89148599315e-05	0.0	0.0206415847331	0.0	0.0	0.00175162274065	0.00198191222787	0.00372108688813	0.00037610985751	0.001812973994	0.0019490137297	4.35682813665e-05	0.00451687488452	0.000340543913538	0.000425902179072	0.000497923215617	0.00280704212804	1.6893823387e-05	0.000426791327671	5.0681470161e-05	6.490784775e-05	8.89148599315e-06	5.33489159589e-06	0.000986065796641	6.31295505514e-05	0.000149376964685	0.00159424343857	0.000159157599277	0.00175429018645	0.000138707181493	2.93419037774e-05	0.00378243814149	0.00299731992829	9.8695494524e-05	0.0
P_STA15_sortmerna_2	0.0226243861096	0.00223620872728	0.000853582655343	0.00341433062137	0.00280526383084	0.000320093495754	0.00229400338623	0.000764667795411	0.00139596330093	0.000733547594435	0.00169649552749	0.000413454098682	0.000259631391	0.000445463448257	0.000651745923298	0.00327918003427	0.000783339915997	3.28984981747e-05	2.22287149829e-05	3.82333897706e-05	0.000448130894055	0.000542380645582	5.60163617569e-05	0.00162803108535	0.00111499234354	0.000250739905007	0.00305422543865	0.00237936165177	5.15706187603e-05	0.00138440436913	6.22404019521e-05	0.000294308186373	0.0032409466445	0.00128748717181	0.00148132156646	0.00200058434846	0.00188054928755	0.00388557937901
P_STA15_sortmerna_trimmomatic_1	0.013167800535	0.0943492719929	0.00169550405769	8.75396116743e-05	0.0	0.0206317042672	0.0	0.0	0.00176461427743	0.00198576698061	0.00332834818282	0.00035200138589	0.00135087442857	0.00156465537498	9.21469596571e-06	0.00402497919782	0.000146513665855	0.000333738432172	0.000353544431544	0.00220343999129	1.85088091057e-06	0.000188110094667	1.48462079463e-05	1.57957592716e-05	0.0	9.31763415094e-07	0.000609309027048	1.30826937165e-05	8.23593405413e-05	0.000951403187536	0.000107025041081	0.00112471342495	6.12328705284e-05	1.03805568772e-05	0.00314275285446	0.00125347026749	1.23484371818e-05	0.0
P_STA15_sortmerna_trimmomatic_2	0.0225437536801	0.00113801495177	0.000211938007211	0.00146974400653	0.00173236284155	4.14661318457e-05	0.00100440186026	0.000405446622491	0.000456127450303	0.000353844325083	0.0012366121986	0.000252482669461	0.000123476925941	0.000238660625512	0.000252482669461	0.00243083679576	0.000498515051745	5.53127025741e-06	0.0	2.77191043902e-06	0.000296950243295	0.00031491964515	2.78231310271e-06	0.00118775984046	0.000553302009682	0.000156453565704	0.00236163936573	0.00118367567189	2.80746053815e-06	0.000312208324295	0.0	4.61239785245e-05	0.00147944542686	0.000470082982604	0.000711171898924	0.000871163522101	0.000585297824692	0.0
X_ROT10_1	0.0139730084729	0.0930558934077	0.00163528072519	4.87482058998e-05	0.0	0.020912980331	0.0	0.0	0.00167073396584	0.0019774044975	0.00377754279173	0.000381122337035	0.00187015844452	0.00203856133763	5.05208679326e-05	0.00466564647012	0.00029957988353	0.000438733853099	0.000487482058998	0.00289918875452	2.74762615072e-05	0.000435188529033	5.67251850471e-05	5.84978470798e-05	7.09064813089e-06	6.20431711452e-06	0.000978509442062	5.67251850471e-05	0.000141812962618	0.00162109942892	0.000150676272781	0.0017930476461	0.000144471955667	3.45669096381e-05	0.00392112841638	0.00314027079097	0.000101928066881	0.0
X_ROT10_2	0.0213960307349	0.00226900740188	0.000819856190134	0.00358520896118	0.00297807221497	0.000261467649826	0.00230889229762	0.000886331016361	0.00145358286683	0.000725018771383	0.0017283454819	0.000432529535984	0.000288057580317	0.000460005797491	0.000623090704502	0.00338489815148	0.000813651873019	3.27942476053e-05	2.12719443927e-05	4.69755438671e-05	0.000418348239722	0.000572569836569	5.05208679326e-05	0.00166275698669	0.00113007204586	0.000240195705434	0.00321472259634	0.00243475130194	4.34302198017e-05	0.00142699293634	4.07712267526e-05	0.000311988517759	0.00342301038518	0.00124174975392	0.0014030619989	0.00194638291193	0.00193220161567	0.00380236006019
X_ROT10_sortmerna_1	0.0139821484314	0.0931340425977	0.00163682566964	4.90601699346e-05	0.0	0.0209040924076	0.0	0.0	0.00166804577778	0.00197311083446	0.0037829851035	0.000379993316221	0.00187588249768	0.00204447108164	5.08441761141e-05	0.00467231218395	0.000301497044325	0.000437973517053	0.000489709696256	0.0029070380694	2.76520957813e-05	0.000437973517053	5.70881977421e-05	5.88722039215e-05	7.13602471776e-06	6.24402162804e-06	0.000980311395603	5.70881977421e-05	0.000142720494355	0.00162701363565	0.000149856519073	0.00179917023197	0.000145396503624	3.47881204991e-05	0.00392481359477	0.00314698690053	0.000102580355318	0.0
X_ROT10_sortmerna_2	0.0213813140606	0.00227014786334	0.000825102857991	0.00358139240523	0.00299713038146	0.000263140911467	0.00230136797148	0.00089200308972	0.00145842505169	0.000726090515032	0.00173494600951	0.000435297507784	0.000289901004159	0.000462949603565	0.000627078172073	0.00339674776565	0.000816182827094	3.30041143197e-05	2.14080741533e-05	4.72761637552e-05	0.000420133455258	0.00057444998978	5.08441761141e-05	0.00166893778087	0.0011364119363	0.000240840834224	0.00322013115389	0.00244230445965	4.28161483066e-05	0.00143344896518	4.10321421271e-05	0.000313093084492	0.00343064388306	0.00124166830089	0.00140668887249	0.00194813474795	0.00193564670469	0.00381331320855
X_ROT10_sortmerna_trimmomatic_1	0.0126772060971	0.0929892694955	0.00165334782614	4.61829001716e-05	0.0	0.0211102036684	0.0	0.0	0.00167643927623	0.00198124641736	0.00334271831442	0.000359302963335	0.00136886116109	0.001613630532	7.38926402746e-06	0.00414814809341	0.000124693830463	0.00035672464964	0.000334072763139	0.00225088789373	9.2794177633e-07	0.000210007894624	1.86112814534e-05	1.77069986586e-05	0.0	0.0	0.000626313631991	1.40656758098e-05	7.88976043503e-05	0.00095492708412	0.000105549427982	0.00113858276129	6.71574095049e-05	1.23193308534e-05	0.00321698919721	0.00131996700673	1.33595170962e-05	0.0
X_ROT10_sortmerna_trimmomatic_2	0.0213826827794	0.00118228224439	0.000240151080892	0.00156560031582	0.00181498797674	5.08011901888e-05	0.000974459193621	0.000452592421682	0.000429500971596	0.000335287855246	0.00120814466849	0.000264166188982	0.00012654114647	0.000239227422889	0.000240151080892	0.00248741100324	0.000526485061956	2.77221986199e-06	0.0	2.77870254542e-06	0.000280991795318	0.00033520664013	3.71913017355e-06	0.00119453743153	0.000532368414494	0.000154064180878	0.00247737946335	0.00118593255793	3.75350112509e-06	0.000304607710584	9.41960731579e-07	5.00297884912e-05	0.00159152236722	0.00042779610403	0.00060292112814	0.000890871766382	0.000592773109437	0.0
X_ROT6_1	0.0142654584492	0.0924329265727	0.00199679268657	5.57244470672e-05	0.0	0.0189416682989	0.0	0.0	0.00139311117668	0.00267198723687	0.00327659748755	0.000345491571817	0.00161229400181	0.00180268586262	3.80783721626e-05	0.00400101529943	0.000274907272198	0.000389142388686	0.000394714833393	0.00266548605138	2.78622235336e-05	0.000376140017704	4.27220760849e-05	4.45795576538e-05	5.57244470672e-06	4.64370392227e-06	0.000853512780913	4.64370392227e-05	0.000125380005901	0.00141540095551	0.000188534379244	0.0016485148924	0.000129094969039	3.25059274559e-05	0.00338340267776	0.00282058576239	7.9871707463e-05	0.0
X_ROT6_2	0.0299100969633	0.00224755269838	0.000784785962863	0.00331096089658	0.00260047419647	0.000301840754947	0.00219182825131	0.00069655558834	0.00134203043354	0.000650118549117	0.00154263844298	0.000351992757308	0.00021268163964	0.000389142388686	0.000578605508715	0.00301004888241	0.000685410698927	2.78622235336e-05	2.41472603958e-05	4.27220760849e-05	0.000380783721626	0.000438365650262	4.17933353004e-05	0.0014813415512	0.000926883302885	0.000222897788269	0.00281315583611	0.00219925817759	4.73657800071e-05	0.00117857205547	4.36508168693e-05	0.00022939897376	0.0029273909526	0.00133645798883	0.00155471207318	0.00194385446186	0.00182311815988	0.00331096089658
X_ROT6_sortmerna_1	0.0142519419147	0.0924998209749	0.00199928913126	5.60548354559e-05	0.0	0.018960548093	0.0	0.0	0.00139202841382	0.00267568414576	0.00328014212143	0.000345671485312	0.00161905049742	0.0018068341962	3.83041375616e-05	0.00400885498236	0.000276537188249	0.000389581106419	0.00039705508448	0.00267474989851	2.8027417728e-05	0.000376501644812	4.29753738496e-05	4.48438683647e-05	5.60548354559e-06	4.67123628799e-06	0.000855770487961	4.67123628799e-05	0.000126123379776	0.00142099007881	0.000189652193293	0.00165455189321	0.000129860368806	3.2698654016e-05	0.00339038329783	0.00282329521246	8.03452641535e-05	0.0
X_ROT6_sortmerna_2	0.0299472958423	0.00223752218195	0.000789438932671	0.0033072352919	0.00260187861241	0.00030363035872	0.00219080981907	0.000700685443199	0.00134064481465	0.000651170338546	0.00154711345858	0.00035407971063	0.00021394262199	0.000390515353676	0.000580167546969	0.00302135563107	0.00068854022885	2.8027417728e-05	2.42904286976e-05	4.29753738496e-05	0.000382107128358	0.000440030458329	4.2041126592e-05	0.0014873216341	0.000931444515826	0.000223285094566	0.00282049247069	0.00220669202245	4.76466101375e-05	0.00118369127538	4.39096211071e-05	0.000229824825369	0.00293633913063	0.00134251330917	0.00156206141471	0.00194790553209	0.00183112462489	0.00333059147334
X_ROT6_sortmerna_trimmomatic_1	0.0130183641783	0.0924221492617	0.00202518653761	5.81393264385e-05	0.0	0.0191278383983	0.0	0.0	0.00140987866613	0.00270154070184	0.00290987328824	0.000315890340316	0.00118604225934	0.00144185529567	9.68988773974e-06	0.00356394071068	0.000124999551843	0.000296658655041	0.000266942192426	0.00210228348808	2.91946100444e-06	0.000182213282577	1.46349643289e-05	1.07467112987e-05	0.0	0.0	0.000525847457872	7.8602049965e-06	7.47848832514e-05	0.000861337672977	0.000139174385564	0.001058899699	6.23947287032e-05	1.884963458e-05	0.00278191567166	0.0011523158476	9.98450105901e-07	0.0
X_ROT6_sortmerna_trimmomatic_2	0.0297964047997	0.00114340675329	0.000247092137363	0.00140503372226	0.00158914158932	3.39146070891e-05	0.000949608998495	0.000406975285069	0.000353680902501	0.00030716944135	0.00111433709007	0.000218022474144	9.20539335276e-05	0.000207363597631	0.000235464272076	0.00224224002298	0.000419572139131	2.90815496965e-06	0.0	1.94280787436e-06	0.00028298510347	0.000237547640715	1.94941211238e-06	0.00108810787097	0.000457272175277	0.000157514588077	0.00219165526621	0.00118229222168	0.0	0.000291338906706	0.0	2.66687361606e-05	0.0014430909226	0.000567361175598	0.000888713099096	0.000874061605915	0.000625052223113	0.0
X_ROT7_1	0.0147007563263	0.093477533623	0.00205866734041	4.21091046903e-05	0.0	0.0189631334788	0.0	0.0	0.00160950355705	0.00245542868238	0.00350722054176	0.000365881331864	0.00175173875511	0.00187245152189	4.21091046903e-05	0.00432600868851	0.000276984333074	0.000407990436554	0.000427641352077	0.0026781390583	2.62012206962e-05	0.000376174668566	4.58521362183e-05	4.95951677463e-05	4.67878941003e-06	0.0	0.000876805135439	4.49163783363e-05	0.000116969735251	0.00147475442204	0.000188087334283	0.00173489511324	0.000116969735251	2.90084943422e-05	0.00359986057208	0.00287090518199	8.04751778525e-05	0.0
X_ROT7_2	0.0282411728789	0.00203995218277	0.000860897251445	0.00335001321758	0.00263415843785	0.000280727364602	0.00211949160274	0.000678424464454	0.00127263071953	0.000646608696466	0.00158798112576	0.000351844963634	0.000217095828625	0.000402375889262	0.000533381992743	0.00311420223131	0.000727083874318	3.08800101062e-05	1.02933367021e-05	3.64945573982e-05	0.00039676134197	0.000487529856525	2.90084943422e-05	0.00152060655826	0.000995646386454	0.000220838860153	0.00291675731821	0.00225143346411	3.27515258702e-05	0.00126608041435	3.08800101062e-05	0.00026107644908	0.00310671616826	0.00129602466658	0.00155897263142	0.00191736790023	0.00185373636425	0.00346230416342
X_ROT7_sortmerna_1	0.0146789122126	0.093440362282	0.00207143084462	4.23701763673e-05	0.0	0.0189488844309	0.0	0.0	0.00160535890458	0.00245652866983	0.00351201684111	0.000366266635708	0.00175694998003	0.00187746959281	4.23701763673e-05	0.00432740734631	0.000275876926125	0.000408636812075	0.000428409561047	0.00268250294379	2.63636652952e-05	0.000372857552032	4.61364142666e-05	4.80195332162e-05	4.70779737414e-06	0.0	0.000873767192641	4.33117358421e-05	0.000115811815404	0.00147824837548	0.000187370335491	0.00174282658791	0.000115811815404	2.91883437197e-05	0.00360428966964	0.00287834731455	7.90909958856e-05	0.0
X_ROT7_sortmerna_2	0.0282561998396	0.00204789185775	0.000866234716842	0.00335665952776	0.00264578212427	0.000282467842448	0.00212792441311	0.000673215024502	0.00127581308839	0.000644968240257	0.00159217707193	0.000350260124636	0.00021655867921	0.000401104336277	0.000531039543803	0.00312597745643	0.000729708592992	3.10714626693e-05	1.03571542231e-05	3.67208195183e-05	0.000392630301003	0.000489610926911	2.91883437197e-05	0.00152438478975	0.000996169924368	0.000219383357635	0.00292071749092	0.00225597650169	3.2954581619e-05	0.00126828061259	3.01299031945e-05	0.000260811974527	0.00310902938588	0.00129935207526	0.00156016404979	0.0019151319718	0.00185957996279	0.00347906225949
X_ROT7_sortmerna_trimmomatic_1	0.0135929203126	0.0934957365292	0.00205864851137	4.38010321567e-05	0.0	0.0190339818628	0.0	0.0	0.0016011710644	0.00246648478856	0.00313907397123	0.000340674694552	0.00131013753962	0.00149118180587	1.36269877821e-05	0.00387979809282	0.00013334980901	0.000325255169984	0.000307126292311	0.00209687823446	3.90960477688e-06	0.000204538686041	2.0578367765e-05	1.56997089971e-05	0.0	0.0	0.000569467766952	7.89342946688e-06	7.21353774312e-05	0.000890685804615	0.000143721308643	0.00111394250851	6.0665301041e-05	6.97337058056e-06	0.00300996526045	0.00119406162552	6.01521928677e-06	0.0
X_ROT7_sortmerna_trimmomatic_2	0.0281591968954	0.00110962614797	0.000199538035381	0.00148436831198	0.00163523853385	4.38010321567e-05	0.000958755926097	0.000365008601306	0.000442877102918	0.000311474006448	0.00114077354862	0.000231658792296	0.000102202408366	0.000223871942134	0.000227765367215	0.00233702840463	0.000477917928643	2.9213471395e-06	0.0	3.90398031582e-06	0.000284347655325	0.000290562344284	3.91830648364e-06	0.00112209440569	0.000496969395181	0.000150483041712	0.0022724542639	0.00111974255589	1.97629306039e-06	0.000303894950306	9.91669588704e-07	2.7821152279e-05	0.00143196887645	0.00054295299117	0.00082536692512	0.00089787816642	0.000583015900978	0.0
X_ROT8_1	0.0143467109771	0.0918727040802	0.00233087713872	0.000101946912628	0.0	0.0183782479765	0.0	0.0	0.00140408702392	0.00265988762948	0.00326693515467	0.000350326663395	0.00158388430619	0.00175719405766	3.33644441328e-05	0.00404821922145	0.000302133577425	0.000391105428446	0.00039388579879	0.00260335343248	2.13161726404e-05	0.000409641230742	3.61448144772e-05	5.37538266585e-05	8.34111103321e-06	5.56074068881e-06	0.000901766781701	5.74609871177e-05	0.000146432838139	0.00133828492577	0.000171456171238	0.0016153951701	0.000153847159057	3.2437654018e-05	0.00336980885742	0.00274515232004	8.98986411357e-05	0.0
X_ROT8_2	0.0297545966357	0.00215478701691	0.000708994437823	0.00324839935238	0.00243745800193	0.00025486728157	0.00218722467093	0.000810941350451	0.00129750616072	0.000670069253001	0.00150510714644	0.000387398267987	0.000204820615371	0.00039573937902	0.000569049130488	0.00287212256577	0.000688605055297	3.42912342476e-05	1.48286418368e-05	2.87304935588e-05	0.000392959008676	0.000446712835334	5.09734563141e-05	0.00144301220875	0.000925863324686	0.000235404689159	0.00277480960371	0.00214644590588	4.26323452808e-05	0.00114180542143	4.1705555166e-05	0.000245599380422	0.00292216923197	0.0013151151729	0.0016218827009	0.00191474837718	0.00175904763789	0.00321596169836
X_ROT8_sortmerna_1	0.0143948544819	0.0918513123999	0.00234816357844	0.000103526249951	0.0	0.0184464954459	0.0	0.0	0.00139760437434	0.00265968347602	0.00326295916892	0.000351048102107	0.00158583391971	0.00175806395372	3.38813181659e-05	0.00404505292991	0.000302108420312	0.000390576306634	0.000396223192995	0.0026098026465	2.16463977171e-05	0.000408458113444	3.67047613463e-05	5.27042727024e-05	8.47032954146e-06	5.64688636098e-06	0.000901619522303	5.64688636098e-05	0.000146819045385	0.00133737091982	0.000174112329463	0.00161500949924	0.0001543482272	3.2940170439e-05	0.00336272082796	0.00274626906689	8.94090340488e-05	0.0
X_ROT8_sortmerna_2	0.0298108542473	0.00215052255581	0.000710566533756	0.00325637113483	0.00244698408976	0.000258815624878	0.00217875698761	0.000809387045073	0.00129878386302	0.000668214886049	0.0015048952152	0.000389635158907	0.000205170204449	0.000396223192995	0.000571276670185	0.00287520630546	0.000688920136039	3.48224658927e-05	1.50583636293e-05	2.82344318049e-05	0.000394340897542	0.00044516287479	5.08219772488e-05	0.00144466176068	0.0009260893632	0.000237169227161	0.00276791546461	0.00214581681717	4.14104999805e-05	0.0011434944881	4.23516477073e-05	0.000243757261249	0.0029184991009	0.00131666566983	0.00161877409015	0.00192276480591	0.00175994624917	0.00322343096439
X_ROT8_sortmerna_trimmomatic_1	0.0133923872452	0.0916124657369	0.00235737059078	0.000101861692194	0.0	0.0184709201846	0.0	0.0	0.00141636257718	0.00267556711497	0.00293555695791	0.000331778083147	0.00120487830196	0.00142606369072	9.70111354232e-06	0.00363985780108	0.000139696035009	0.000312536167326	0.000273090711317	0.00208340469392	9.74340964541e-07	0.000200002854675	1.36770979418e-05	1.17393660005e-05	0.0	0.0	0.000582588365245	1.37747489685e-05	8.27761031657e-05	0.00080438576782	0.000131475411133	0.00104069896392	7.73716048472e-05	1.58988965321e-05	0.00278057325664	0.00117027020432	8.001793522e-06	0.0
X_ROT8_sortmerna_trimmomatic_2	0.029738763564	0.00125144364696	0.000174620043762	0.00157158039386	0.00159098262094	4.36550109404e-05	0.00102346747871	0.000451101779718	0.00046080289326	0.00034147919669	0.00109525571893	0.000244468061266	9.89513581316e-05	0.000218275054702	0.000248348506683	0.002166258654	0.000441400666175	1.26164126096e-05	9.71465578716e-07	2.91737835706e-06	0.000260893351208	0.000268975335244	9.7567514061e-07	0.00106083338289	0.000449877134643	0.000145904676069	0.00219546209849	0.00113512254242	3.93350214023e-06	0.000279720557981	0.0	3.26129002027e-05	0.00142490896129	0.000590363433187	0.000932653888016	0.000888090234513	0.000595004837389	0.0
X_ROT9_1	0.0144738395065	0.094799674864	0.00172202483451	0.000110386207341	0.0	0.0204258638063	0.0	0.0	0.00148800607495	0.00200373043565	0.00368601623552	0.000399156525743	0.00179973672448	0.00196664066998	3.44404966902e-05	0.00452760068028	0.000301133573625	0.000498945657179	0.000449492636291	0.00278526478362	3.17912277141e-05	0.000366482208371	4.68037519124e-05	6.35824554281e-05	1.05970759047e-05	8.83089658724e-07	0.00104381197661	6.0933186452e-05	0.000153657600618	0.00156130251662	0.000188981186967	0.00182093087629	0.000163371586864	3.26743173728e-05	0.00380258407047	0.0031429160954	0.000106853848706	0.0
X_ROT9_2	0.0222935984345	0.00222538593999	0.000838935175788	0.00385468636033	0.00285679504597	0.000362066760077	0.00262277628641	0.000944905934835	0.00150566786812	0.000772703451384	0.00173703735871	0.000414169049942	0.000247265104443	0.000461855891513	0.000729432058106	0.00333101419271	0.00080272849978	4.150521396e-05	3.00250483966e-05	5.29853795235e-05	0.000461855891513	0.000507776553766	4.76868415711e-05	0.00165667619977	0.00103674725934	0.000271991614887	0.00313231901949	0.00242849656149	5.65177381584e-05	0.00136084116409	5.1219200206e-05	0.000298484304649	0.00324888685445	0.00133346538467	0.00148094135768	0.0021459078707	0.00193484944226	0.00348820415196
X_ROT9_sortmerna_1	0.0144745995887	0.0948337367585	0.00171544226012	0.000111103773324	0.0	0.0204297618388	0.0	0.0	0.00149767886441	0.00200520090095	0.00369220059511	0.000395529433034	0.00180610293916	0.00197053652368	3.46643772771e-05	0.00453658927237	0.000301313433255	0.000495078413932	0.000450636904603	0.0027909267859	3.19978867173e-05	0.000368864527436	4.71079998894e-05	6.39957734347e-05	1.06659622391e-05	8.88830186593e-07	0.00104437546925	6.13292828749e-05	0.000154656452467	0.00156700761896	0.000189320829744	0.0018229907127	0.00016443358452	3.28867169039e-05	0.00380863734955	0.00314823652091	0.000107548452578	0.0
X_ROT9_sortmerna_2	0.0222607520232	0.00223540791928	0.00083994452633	0.00386196716075	0.0028709215027	0.00035997622557	0.00262204905045	0.000951048299655	0.00150656716628	0.000775059922709	0.00174299599591	0.000416861357512	0.000248872452246	0.000464858187588	0.000731507243566	0.0033411126714	0.000801724828307	4.08861885833e-05	3.02202263442e-05	5.33298111956e-05	0.000463969357402	0.000509299696918	4.7996830076e-05	0.00166211244893	0.00104170897869	0.000273759697471	0.00313934821905	0.00243450588108	5.6885131942e-05	0.00136702082698	5.15521508224e-05	0.000299535772882	0.00325845146405	0.00133680060064	0.00148345758142	0.00214919139118	0.00193942746715	0.00350199093518
X_ROT9_sortmerna_trimmomatic_1	0.013160947365	0.09464906961	0.00171544233349	0.000110673698935	0.0	0.0205069141318	0.0	0.0	0.00151715195623	0.00203455149875	0.00326764096106	0.000379057418852	0.0013160947365	0.00154943178509	8.30052742012e-06	0.00405895790844	0.000147564931913	0.000380174736429	0.000300286008101	0.00215563469726	5.55817711096e-06	0.000169746202898	1.57902122066e-05	1.95329585889e-05	0.0	0.0	0.000649244579177	1.49699364847e-05	9.08973415545e-05	0.000934812387987	0.000139133593491	0.00114041757213	7.83027296549e-05	8.5056489606e-06	0.00312085130233	0.00129243129271	8.56266790202e-06	0.0
X_ROT9_sortmerna_trimmomatic_2	0.0222361906777	0.00100989750278	0.000179844760769	0.00160476863456	0.00172005373761	4.15026371006e-05	0.00112518260584	0.00054414568643	0.000405803562762	0.000364300925661	0.0012330894623	0.000252704945902	9.77617673926e-05	0.000240715295184	0.000287751617231	0.00241637576008	0.000480508309543	5.53626204117e-06	0.0	1.84989279825e-06	0.000315805004135	0.000256873775306	9.28615721551e-07	0.00120053049499	0.000494498849303	0.000175344115859	0.00241026589418	0.00119126362629	2.81229863942e-06	0.000302437291412	0.0	3.86666778831e-05	0.00149365706239	0.00047669878792	0.000716421397964	0.000966369244771	0.000609530706329	0.0
X_STA1_1	0.0146662174823	0.0900931325402	0.00257631215056	8.69448150277e-05	0.0	0.0164462981689	0.0	0.0	0.001322476397	0.00321604294744	0.00286734847875	0.000353270511586	0.00139203224902	0.00150002686137	3.29475088526e-05	0.00364253014537	0.000272732156613	0.000330390297105	0.000381641977542	0.00233469708564	2.74562573772e-05	0.000423741572187	3.93539689073e-05	4.39300118034e-05	1.00672943716e-05	4.57604289619e-06	0.000747725409238	4.2099594645e-05	0.000114401072405	0.00122729470476	0.000203176304591	0.00145426643241	0.000116231489563	2.74562573772e-05	0.00297900392542	0.00236398376017	6.1318974809e-05	0.0
X_STA1_2	0.0366220712982	0.00205006721749	0.00076877520656	0.00292409141067	0.0022788693623	0.000242530273498	0.0019219380164	0.00061318974809	0.00110282633798	0.000569259736286	0.00130966347689	0.000335881548581	0.000181211298689	0.000363337805958	0.000486890964155	0.00250218025564	0.000587563907871	2.92866745356e-05	2.01345887432e-05	3.66083431695e-05	0.000375235517488	0.000394454897652	3.11170916941e-05	0.00126847909082	0.00081728126126	0.0002159892247	0.00241615064919	0.0018780080046	3.11170916941e-05	0.00103418569454	2.74562573772e-05	0.000224226101913	0.00252963651302	0.00139569308334	0.00171693129465	0.00179655444105	0.00164096898257	0.0028783309817
X_STA1_sortmerna_1	0.0146600325108	0.0901610416542	0.00257839767778	8.28770682145e-05	0.0	0.0164280766327	0.0	0.0	0.00132142880986	0.00321747195935	0.00287122998548	0.000355450537009	0.00139601817126	0.00150375835994	3.31508272858e-05	0.00365119528301	0.000274415181421	0.000331508272858	0.000383076226414	0.00234173760522	2.76256894048e-05	0.000425435616834	3.95968214803e-05	4.42011030477e-05	1.01294194484e-05	4.60428156747e-06	0.000751418751811	4.23593904207e-05	0.000115107039187	0.00123026403483	0.000202588388969	0.00145771554426	0.000116948751814	2.76256894048e-05	0.00298725788098	0.00236844243831	6.16973730041e-05	0.0
X_STA1_sortmerna_2	0.0366500812771	0.00205811386066	0.000768915021768	0.00292832307691	0.00228832793903	0.000244026923076	0.0019245896952	0.000616973730041	0.00110502757619	0.000570010058053	0.00131406195936	0.000337954267052	0.000182329550072	0.000365579956457	0.000488974702466	0.00250933345427	0.00059026889695	2.94674020318e-05	2.02588388969e-05	3.68342525398e-05	0.000376630232219	0.000396889071116	3.13091146588e-05	0.00127262342525	0.000822324687951	0.000217322089985	0.00242185210449	0.0018831511611	3.13091146588e-05	0.00103964677794	2.76256894048e-05	0.000225609796806	0.00253787999999	0.00140246416545	0.00172384301886	0.00180303666182	0.00164557023221	0.00287767597967
X_STA1_sortmerna_trimmomatic_1	0.0137185258601	0.0900132835598	0.00254046775187	8.07251435174e-05	0.0	0.0165106661182	0.0	0.0	0.00132959059911	0.00323755310883	0.00254046775187	0.000337146187632	0.00100384090233	0.00116624089693	6.64795299555e-06	0.00322520691041	0.000110166078212	0.000266041337769	0.000255888147999	0.00178664650308	1.90695433925e-06	0.000223376898352	1.81596403084e-05	1.1483807119e-05	9.58199945513e-07	9.59429000052e-07	0.000466884201401	5.77185035681e-06	5.97255437866e-05	0.000702277106507	0.000157463737188	0.000900737350755	5.23270979685e-05	1.35876510691e-05	0.00244793893506	0.000990570016942	3.90497428609e-06	0.0
X_STA1_sortmerna_trimmomatic_2	0.0365257531727	0.00120138007705	0.000223181279136	0.00133908767482	0.00141031574263	1.89941514159e-05	0.00092121634367	0.00032290057407	0.000370385952609	0.000264968412251	0.000910769560391	0.000214633910999	8.7373096513e-05	0.000188991806588	0.000190891221729	0.00180539409208	0.000358039754189	3.80043905902e-06	0.0	2.8564748229e-06	0.000261179699326	0.000226171917664	2.86645545222e-06	0.00089543882405	0.000402296977813	0.000141946159534	0.00186232454158	0.000960909379243	3.85340012804e-06	0.00026053527706	0.0	2.90510298091e-05	0.00120229535359	0.00074003521673	0.00104578159919	0.000803230369753	0.000528521640936	0.0
X_STA2_1	0.0142141499078	0.0949983583433	0.00124613452949	5.93397394995e-05	0.0	0.0229233978282	0.0	0.0	0.00186691949656	0.00160034712835	0.00400041136133	0.000377948494658	0.00196186307976	0.00214992440802	3.2865086492e-05	0.00495258595053	0.000273875720767	0.000495715054588	0.000445504505781	0.00297611616567	2.09971385921e-05	0.000358777194204	4.01684390458e-05	5.56880632226e-05	9.12919069222e-06	3.65167627689e-06	0.00099782054266	5.29493060149e-05	0.000149718727352	0.0016788581683	0.000119592398068	0.00185870322494	0.000151544565491	2.83004911459e-05	0.00421220858539	0.0032509048055	9.40306641299e-05	0.0
X_STA2_2	0.0167292419435	0.00210427845456	0.000967694213376	0.00377492035123	0.00303545590516	0.000333215460266	0.00240097715205	0.000885531497146	0.0014652351061	0.000750419474901	0.00185231279145	0.000429071962535	0.000237358957998	0.000453720777404	0.000641782105663	0.00358777194204	0.000788762075808	4.56459534611e-05	2.55617339382e-05	4.29071962535e-05	0.00047015332065	0.000510321759695	4.29071962535e-05	0.00176832423708	0.00107359282541	0.000286656587736	0.00339240726123	0.00263559735285	3.46909246305e-05	0.00138672406615	4.19942771842e-05	0.000286656587736	0.00353756139324	0.00110737083097	0.0012963450783	0.00203580952437	0.00196460183697	0.00392098740231
X_STA2_sortmerna_1	0.0142634866089	0.0949566929769	0.00124949061437	5.97183014222e-05	0.0	0.0229318277461	0.0	0.0	0.00187882963705	0.00160045047812	0.00400663865388	0.000377603413608	0.00196794771764	0.00215629005289	3.30747515569e-05	0.00496213147664	0.000273785443444	0.000496121273354	0.000446509146019	0.00298407758491	2.11310912725e-05	0.00036106603783	4.04246963474e-05	5.6043329027e-05	9.18743098804e-06	3.67497239522e-06	0.0009986737484	5.32870997306e-05	0.000149755125105	0.00168405610011	0.000120355345943	0.00186412974747	0.000150673868204	2.84810360629e-05	0.004221624539	0.00325786302836	9.3711796078e-05	0.0
X_STA2_sortmerna_2	0.0167349055447	0.00211310912725	0.000973867684732	0.00379440899806	0.00305482080352	0.000335341231063	0.00241170063436	0.000886587090346	0.00147458267358	0.000751531854822	0.00185769854578	0.00042997177024	0.000238873205689	0.000453859090809	0.000644038912261	0.00359596048872	0.00079103780807	4.59371549402e-05	2.57248067665e-05	4.31809256438e-05	0.00046855898039	0.000512658649133	4.31809256438e-05	0.00177225543759	0.001078604398	0.00028389161753	0.00340026820867	0.00263954892286	3.49122377545e-05	0.00139189579469	4.2262182545e-05	0.000286647846827	0.00354634836138	0.00110892292026	0.00130002148481	0.00203225973455	0.00196978520384	0.00392762674739
X_STA2_sortmerna_trimmomatic_1	0.0128656765919	0.0950398449055	0.00126757773064	5.69697856469e-05	0.0	0.0229920559907	0.0	0.0	0.00188000292635	0.00161794191237	0.00357580354577	0.000363657131713	0.00145367903042	0.00171004306583	1.13939571294e-05	0.00448637061969	0.000149070939109	0.00041514563765	0.000311044943407	0.00232203857767	3.81466223221e-06	0.000168065763216	1.62556495793e-05	1.53208216928e-05	0.0	0.0	0.00065391822318	1.15570771004e-05	8.3917527937e-05	0.00101439422507	7.93453198308e-05	0.00118930975118	8.0594235475e-05	1.3618056282e-05	0.00353764034711	0.00138779457234	7.83328336841e-06	0.0
X_STA2_sortmerna_trimmomatic_2	0.0166779047481	0.00103020362378	0.000199394249764	0.00159990148025	0.00184202306925	5.22223035097e-05	0.00104444607019	0.000522223035097	0.000451010803038	0.000377899578124	0.0013387899627	0.000266808496113	0.000101596117737	0.000244020581854	0.000274404467533	0.00266428697542	0.000494687638701	9.49902448818e-06	0.0	3.80812492203e-06	0.000343127641815	0.000297736123307	5.73282496043e-06	0.00128674096287	0.000511534386764	0.000186095373822	0.00264855285791	0.00131814099823	1.92738847256e-06	0.000302159965899	1.93413730586e-06	4.06952528145e-05	0.00167018369807	0.000373725173797	0.000619460051694	0.000981137528307	0.000652881943128	0.0
X_STA3_1	0.0143782688826	0.092706179047	0.00208475550118	2.33716984438e-05	0.0	0.0187441021519	0.0	0.0	0.00140230190663	0.00244935399691	0.00339731008579	0.000370207703349	0.00168276228795	0.00180149051605	3.08506419458e-05	0.00416577153062	0.000272046569885	0.00044873661012	0.000421625439925	0.00263352298064	2.43065663815e-05	0.000388905062104	4.4873661012e-05	5.04828686385e-05	1.21532831908e-05	1.8697358755e-06	0.000934867937751	5.42223403895e-05	0.0001411650586	0.0014312828127	0.000192582795177	0.00167341360857	0.000143034794476	2.05670946305e-05	0.00345901136968	0.00289715573909	8.41381143975e-05	0.0
X_STA3_2	0.0279525513387	0.00215487059651	0.000733871331134	0.00321127136617	0.00256621248913	0.000294483400391	0.00216421927589	0.000818009445532	0.00129479209378	0.0006983463495	0.00155748998429	0.000391709665917	0.000205670946305	0.000404797817046	0.000559985894713	0.00301214449543	0.000700216085375	3.45901136968e-05	1.40230190663e-05	2.9915774008e-05	0.000426299779614	0.000469303704751	3.92644533855e-05	0.00150700711565	0.000970392919385	0.000244000531753	0.00284386826664	0.00220441859722	3.3655245759e-05	0.0011985006962	3.64598495723e-05	0.000248674871442	0.00298690306111	0.00131629405635	0.00154346696523	0.00202211934935	0.00178746749698	0.00349640608719
X_STA3_sortmerna_1	0.0143738176888	0.0926934802904	0.00209373121817	2.35250698671e-05	0.0	0.0187541856981	0.0	0.0	0.00140679917805	0.00244660726618	0.00339419708043	0.0003716961039	0.00168533600528	0.00180202035182	3.10530922246e-05	0.00415829134971	0.000273831813253	0.000451681341448	0.000424392260403	0.00263574882791	2.44660726618e-05	0.000389575156999	4.51681341448e-05	5.08141509129e-05	1.22330363309e-05	1.88200558937e-06	0.000939120789095	5.45781620917e-05	0.000142091421997	0.0014340882591	0.00019290557291	0.00167310296895	0.000143973427587	2.07020614831e-05	0.00345348025649	0.00289922961042	8.46902515216e-05	0.0
X_STA3_sortmerna_2	0.0279242579323	0.00215489639983	0.000724572151907	0.00321352454385	0.00256893762949	0.000296415880326	0.00217371645572	0.000823377445349	0.00129858385666	0.00070104708204	0.0015573596252	0.000393339168178	0.000207020614831	0.000406513207304	0.000561778668426	0.00301214994578	0.000704811093218	3.48171034033e-05	1.41150419203e-05	3.01120894299e-05	0.000427215268787	0.000472383402931	3.95221173767e-05	0.00150842747988	0.000975819898088	0.000244660726618	0.00283994643436	0.00220571055074	3.38761006086e-05	0.00120636558279	3.66991089927e-05	0.000250306743386	0.00298862487592	0.00131928591815	0.00154794959726	0.00202692001975	0.00178978731549	0.00350994042417
X_STA3_sortmerna_trimmomatic_1	0.0130872207145	0.0925425581096	0.00210800870569	2.43982489084e-05	0.0	0.0188208092079	0.0	0.0	0.00140533913712	0.00245251198027	0.00300098461573	0.000338647694849	0.00124138290446	0.00141900215651	9.75929956336e-06	0.00369291895478	0.000115159734848	0.000352476026431	0.000299132021517	0.00205339649103	3.91969509005e-06	0.000188376796488	1.57178454975e-05	7.86914199184e-06	9.84931726503e-07	0.0	0.000575770453455	7.91198173503e-06	7.52726553855e-05	0.000847074353965	0.000138078727683	0.00108151695777	6.07937626317e-05	9.98265134987e-06	0.00283508020442	0.00119540616134	4.01777725815e-06	0.0
X_STA3_sortmerna_trimmomatic_2	0.0278579206036	0.00106376365241	0.000165908092577	0.00132238509084	0.00159076582883	4.87964978168e-05	0.000912494509174	0.000434288830569	0.000356214434063	0.000316201305853	0.00111353608018	0.000235199119477	0.000103448575372	0.000223487960001	0.000216656450307	0.00220950542114	0.000438192550395	3.90569690907e-06	0.0	2.936901695e-06	0.000275463098071	0.000273890826822	1.96627935125e-06	0.00107324282654	0.000485181908454	0.000147174808667	0.00217192475467	0.00105177292236	9.93212682492e-07	0.000251808660492	0.0	3.199314227e-05	0.00133527529678	0.000539810094809	0.00078027018095	0.000903240297189	0.000499851360258	0.0
X_STA4_1	0.0119310960217	0.0669722181206	0.00289225310668	0.000198704411909	0.0	0.0274786123402	0.0	0.0	0.000388577516622	0.0035378216627	0.00293464338122	0.00015278161449	0.00145716568733	0.0258571843391	2.91433137467e-05	0.00368265510072	0.000320576451213	0.000476890588582	0.000442448490518	0.00240034929586	1.32469607939e-05	0.00039299317022	0.0123028940547	6.88841961285e-05	1.14806993547e-05	2.56107908683e-05	0.000544008523271	5.29878431758e-05	9.44949869968e-05	0.00108448452366	0.00026228982372	0.00177420961567	0.000166911706004	3.44420980642e-05	0.00310332134866	0.00272445826995	5.12215817366e-05	0.0
X_STA4_2	0.0413216863699	0.00449513536274	0.00106417251711	0.00231821813894	0.00289225310668	0.0	0.00114365428188	0.0013202804258	0.000657932386099	0.000711803359994	0.00146511386381	0.000725050320788	0.000651750471062	0.000447747274835	0.000843389837214	0.00271121130916	0.0005678530527	0.00015366474521	3.7091490223e-05	5.4754104615e-05	0.000608477065802	0.000310862013298	3.88577516622e-05	0.00141742480495	0.00132999486371	0.000323225843372	0.00259640431561	0.00219634609964	1.67794836723e-05	0.0011312904518	3.62083595034e-05	0.000128937085061	0.00256461160971	0.00123108422312	0.00172122177249	0.00189608165497	0.00163555809269	0.00300706010022
X_STA4_sortmerna_1	0.011940922287	0.0669455724944	0.00289194211638	0.000199903832929	0.0	0.0275112097185	0.0	0.0	0.000390923051062	0.00354140745803	0.00293991903628	0.000152815374506	0.0014606306726	0.0258755521344	2.843076735e-05	0.00368533821774	0.000317180748248	0.000478880737551	0.000444230739843	0.00240239984107	1.33269221953e-05	0.000391811512542	0.0122989722633	6.75230724562e-05	1.15499992359e-05	2.57653829109e-05	0.000545515348527	5.15307658218e-05	9.32884553671e-05	0.00108836531262	0.000261207675028	0.00177958834381	0.000166142296701	3.46499977078e-05	0.00311050364038	0.00273024212708	5.15307658218e-05	0.0
X_STA4_sortmerna_2	0.0413623241868	0.00449561508721	0.00107059608302	0.00232776907678	0.00290082673118	0.0	0.00115055761619	0.00131936529733	0.000661903802366	0.000711657645229	0.00146862682592	0.000725873028904	0.00065213072609	0.000448673047242	0.000843149944222	0.00271691520488	0.000568615346999	0.000153703835986	3.73153821468e-05	5.50846117406e-05	0.000607707652105	0.00031184997937	3.90923051062e-05	0.00141887298306	0.00133180375805	0.000323399978606	0.00259963828956	0.0021998306237	1.6880768114e-05	0.00113367684808	3.64269206671e-05	0.000129715376034	0.00256498829185	0.00123229607233	0.00172094988615	0.00189419987469	0.00163654604558	0.00302076903093
X_STA4_sortmerna_trimmomatic_1	0.0108618294462	0.0662870124302	0.00290720424501	0.000197487808113	0.0	0.0274416198483	0.0	0.0	0.00039956835595	0.00356304747754	0.00258479391642	0.000149723314988	0.00102050676658	0.0251718878769	5.51128766827e-06	0.00323053312155	0.000130433808149	0.000393321033903	0.000277855215352	0.00185053178333	5.53307691825e-06	0.000192960505324	0.0119824810082	1.85102773317e-05	0.0	0.0	0.000342817374449	7.4423645382e-06	3.54001793243e-05	0.000594237105344	0.000201784454668	0.00108341757731	5.43458298758e-05	1.3137792556e-05	0.00252276653458	0.00115158026991	1.88734182955e-06	0.0
X_STA4_sortmerna_trimmomatic_2	0.0412979155943	0.00286127684778	0.00047764493125	0.000665947259916	0.00191976520445	0.0	0.000312306301202	0.000514386849039	9.18547944712e-05	0.000270053095745	0.0010765381912	0.000379360301166	0.000297609534087	0.000275564383414	0.000315980492981	0.00186648942366	0.000382115945	1.37839180988e-05	0.0	0.0	0.000460939914749	0.000188273647219	1.84800311159e-06	0.00103611887262	0.000549223015219	0.00024944418226	0.00206221474398	0.00120035489966	0.0	0.000224755407363	9.3415206032e-07	1.12293537103e-05	0.00118892228227	0.000739410810408	0.00116939675143	0.000836258128835	0.00043372777402	0.0
X_STA5_1	0.0147562924452	0.0917834907878	0.00230581538679	3.24110596537e-05	0.0	0.0182150155254	0.0	0.0	0.00125477102373	0.00265678086132	0.00328462938833	0.000329666778192	0.00162888725517	0.00176501370571	4.25973926877e-05	0.00400600697319	0.000241693901989	0.000364855928673	0.000410231412188	0.00259381080257	2.31507568955e-05	0.000384302564465	3.33370899295e-05	3.61151807569e-05	5.55618165491e-06	3.70412110328e-06	0.000809350461066	3.61151807569e-05	0.000111123633098	0.00138719335318	0.000167611479923	0.00161314474048	0.000111123633098	2.31507568955e-05	0.00335500768929	0.00275864419166	6.76002101348e-05	0.0
X_STA5_2	0.0311609187813	0.00214376008852	0.000629700587557	0.00322721551123	0.00238452796023	0.000273178931367	0.00224562341886	0.000588029225145	0.00133348359718	0.00064451707197	0.00147609225966	0.00035652165619	0.000208356812059	0.000392636836947	0.000500056348942	0.00294292421655	0.000678780192175	3.88932715844e-05	1.29644238615e-05	2.77809082746e-05	0.000337075020398	0.00046301513791	3.70412110328e-05	0.00145571959359	0.000946402941887	0.000212060933163	0.0027188248898	0.00211968330135	2.68548779988e-05	0.00117883654112	3.14850293778e-05	0.000259288477229	0.00286976782476	0.00134181786966	0.00159925428634	0.00182798376447	0.00177334797819	0.00339853111226
X_STA5_sortmerna_1	0.0147304934631	0.0917790802395	0.00229668984103	3.26102005825e-05	0.0	0.0182197849255	0.0	0.0	0.00126248062255	0.00266099236754	0.00328897165875	0.000330760605909	0.00163516862921	0.00177306319167	4.28591207656e-05	0.00401291811169	0.000243178924344	0.000364302526508	0.000412751967373	0.00260229400649	2.32930004161e-05	0.000385732086891	3.35419205992e-05	3.63370806491e-05	5.59032009987e-06	3.72688006658e-06	0.00081059641448	3.63370806491e-05	0.000111806401997	0.00139198970487	0.000168641323013	0.00161932938893	0.000111806401997	2.32930004161e-05	0.00336257754007	0.00276720844943	6.8015561215e-05	0.0
X_STA5_sortmerna_2	0.0311101313558	0.00215227323845	0.000628911011235	0.00323306845776	0.00238986184269	0.00027485740491	0.00224544524011	0.000591642210569	0.0013323596238	0.000645681971534	0.00148143482646	0.000357780486391	0.000209637003745	0.000395049287057	0.000503128808988	0.0029554158928	0.000679223892134	3.91322406991e-05	1.3044080233e-05	2.79516004993e-05	0.000337282646025	0.000465860008322	3.72688006658e-05	0.00146186870611	0.000951286136994	0.000212432163795	0.00272807620873	0.002127116798	2.6088160466e-05	0.00118235270112	3.16784805659e-05	0.00026088160466	0.00288087829146	0.00134726714407	0.00160442186866	0.00182989811269	0.00178144867182	0.00341941246108
X_STA5_sortmerna_trimmomatic_1	0.0136240222076	0.0913522989429	0.00231887992989	3.37466933664e-05	0.0	0.0182087515493	0.0	0.0	0.00127755339173	0.00267563068834	0.00290992915942	0.000315290535166	0.00118402684154	0.00139325634041	1.34986773466e-05	0.00356750758445	0.000125344861075	0.000305799426311	0.000288785244283	0.00201333843482	7.74574424122e-06	0.000194859014268	1.55313123634e-05	1.06920149068e-05	0.0	9.74662270264e-07	0.000534856218643	6.84217370033e-06	6.85245660471e-05	0.000826495310169	0.000134525358938	0.0010268340052	5.71441373967e-05	1.1843445988e-05	0.00277251811229	0.00116523549622	2.97994017512e-06	0.0
X_STA5_sortmerna_trimmomatic_2	0.0311626608458	0.00119559713641	0.000163912510637	0.00154752693866	0.00156198980725	3.85676495616e-05	0.00107025227533	0.000332645977469	0.000453169882349	0.000336502742425	0.00106832389286	0.000230441706131	0.000107025227533	0.000233334279848	0.000227549132413	0.00215689580173	0.000435814440046	8.68149981938e-06	0.0	9.66795374201e-07	0.000246818320683	0.000273280981225	9.7032913972e-07	0.00105515680636	0.000475739508122	0.00014126619187	0.00210562152747	0.00107109981066	3.91555575416e-06	0.000302033885397	9.82427148753e-07	3.74074882054e-05	0.0013388698149	0.000606230700688	0.000880338859875	0.000840107758485	0.000566879986866	0.0
